Title: /Users/kevmoor/Documents/coderepos/OWENS_Toolkit/OWENS.jl/examples/literate/airfoils/NACA_0021_DMS.dat
Thickness to Chord Ratio: 0.2100111356185322
Zero Lift AOA (deg): 0
Reverse Camber Direction: 0

Reynolds Number: 10000.0
BV Dyn. Stall Model - Positive Stall AOA (deg): 20
BV Dyn. Stall Model - Negative Stall AOA (deg): -20
LB Dyn. Stall Model - Lift Coeff. Slope at Zero Lift AOA (per radian): 0.0
LB Dyn. Stall Model - Positive Critical Lift Coeff.: 0.0
LB Dyn. Stall Model - Negative Critical Lift Coeff.: 0.0
AOA (deg) CL CD Cm25
-180.0 0.0 0.08871121961884675 0.0
-176.8 0.05052897802660366 0.09259259004917227 0.0
-173.6 0.10105795605320732 0.10418703059973179 0.0
-170.4 0.15158693407981058 0.1233461521846988 0.0
-167.2 0.20211591210641425 0.14982470899967903 0.0
-164.0 0.2526448901330179 0.18328367539867457 0.0
-160.79999999999998 0.30317386815962155 0.22329449960782 0.0
-157.6 0.340373392707862 0.26934448116945975 0.0
-154.4 0.3705258600053879 0.3208432049792667 0.0
-151.20000000000002 0.39701180824535753 0.37712995158538076 0.0
-148.0 0.4192560383797252 0.43748199122652254 0.0
-144.79999999999998 0.4368193619075087 0.5011236580477134 0.0
-141.6 0.44937041101493885 0.5672360911853132 0.0
-138.4 0.4566714362304517 0.6349675210790766 0.0
-135.2 0.45857066739059266 0.7034439725518133 0.0
-132.0 0.4549977634232586 0.7717802509820293 0.0
-128.8 0.4459606105776132 0.8390910743467147 0.0
-125.60000000000001 0.43154255062377844 0.9045022120744783 0.0
-122.39999999999999 0.41189953698853593 0.9671614915465168 0.0
-119.19999999999999 0.38725694108782416 1.0262495347157334 0.0
-116.00000000000001 0.3579058591754225 1.080990090662421 0.0
-112.79999999999998 0.32419884745522703 1.1306598349265997 0.0
-109.60000000000001 0.2865450627435455 1.1745975130897977 0.0
-106.4 0.24540481942886064 1.21221231424021 0.0
-103.2 0.2012835972101077 1.2429913695429624 0.0
-100.0 0.15472555161751494 1.2665062820323345 0.0
-96.8 0.10630659262987255 1.2824186058093434 0.0
-93.60000000000001 0.05662710695904941 1.2904842059157846 0.0
-90.4 0.006304407466654847 1.2905564441015098 0.0
-87.19999999999999 -0.06297479659237162 1.2912551956449496 0.0
-84.0 -0.13425858869753532 1.285178049934662 0.0
-80.8 -0.20396025850165905 1.2712082826649527 0.0
-77.6 -0.2712150419345939 1.2495659064219684 0.0
-74.4 -0.33519047673164337 1.2205661530699887 0.0
-71.2 -0.3950969081771872 1.184615402829312 0.0
-68.0 -0.45019751466963764 1.1422059789976169 0.0
-64.8 -0.499817742042183 1.0939098736310913 0.0
-61.599999999999994 -0.5433540493088944 1.0403714828195683 0.0
-58.4 -0.5802818863069631 0.9822994425263748 0.0
-55.2 -0.6101628470253173 0.92045766716488 0.0
-51.99999999999999 -0.6326509737336101 0.8556557030102633 0.0
-48.8 -0.6474982307053334 0.7887385170730518 0.0
-45.6 -0.6545592301706102 0.7205758490843024 0.0
-42.400000000000006 -0.6537953915426462 0.6520512596734049 0.0
-39.199999999999996 -0.6452788754184408 0.5840510115907042 0.0
-36.0 -0.6291969108793823 0.5174529228915342 0.0
-32.800000000000004 -0.6058576414354137 0.4531153313301443 0.0
-29.599999999999994 -0.5756995996623807 0.3918663078072924 0.0
-26.4 -0.539308962321187 0.3344932535915506 0.0
-23.2 -0.49745329466233545 0.2817330112306073 0.0
-20.0 -0.45115158952324635 0.23426261264500756 0.0
-19.000000000000004 -0.4137684941164544 0.22547807652829427 0.0
-18.0 -0.36800318284451805 0.21239113886120115 0.0
-17.000000000000004 -0.31623531559373136 0.19800439161655653 0.0
-16.0 -0.2616947422518548 0.1845181170442855 0.0
-15.0 -0.18779433727861855 0.16568223427189327 0.0
-14.0 -0.14755176096519967 0.15470977268281982 0.0
-13.000000000000002 -0.11466221204881955 0.14551164062749658 0.0
-12.0 -0.08274572445251421 0.1366220336692992 0.0
-11.0 -0.052001134365742094 0.12805824977133287 0.0
-10.0 -0.022599992405874913 0.11989189659924887 0.0
-9.0 0.0053027909558896885 0.11219048290572205 0.0
-8.0 0.031211761278692726 0.10508986657381732 0.0
-7.0 0.05436587795772344 0.09872408148398196 0.0
-6.0 0.0734531020567181 0.09324735048204007 0.0
-5.0 0.08617071129650221 0.08884652468759476 0.0
-4.0 0.08898255156912595 0.08573126281518424 0.0
-3.0 0.07896049228737374 0.08398067294832492 0.0
-2.0 0.0576503156583626 0.08329543093597595 0.0
-1.0 0.029994869057451138 0.0831309436363101 0.0
0.0 -2.122581913916151e-13 0.08310926906829341 0.0
1.0 -0.03000571357303582 0.08310898252941647 0.0
2.0 -0.057687483476113806 0.08325144403170295 0.0
3.0 -0.07901456007129457 0.08391575820678071 0.0
4.0 -0.08900362149953402 0.08564892969319926 0.0
5.0 -0.08610033960841916 0.08875070801037192 0.0
6.0 -0.07325973414870465 0.09314098219517987 0.0
7.0 -0.05403583298704341 0.0986098809071924 0.0
8.0 -0.030735037138664004 0.10497182983771246 0.0
9.0 -0.00467341888643759 0.11207524268950729 0.0
10.0 0.0233792532164713 0.11978737076334578 0.0
11.0 0.0529298969596537 0.1279745115875645 0.0
12.0 0.0838217476110937 0.13657111863112295 0.0
13.000000000000002 0.1158854751471297 0.14550552049290447 0.0
14.0 0.1489205377914589 0.15476065882124904 0.0
15.0 0.18833035294497286 0.16543820958621208 0.0
16.0 0.2628441665255128 0.1845860633920591 0.0
17.000000000000004 0.3178931981258449 0.19839189789248787 0.0
18.0 0.3694563416706547 0.21264247299688033 0.0
19.000000000000004 0.4153924417026069 0.22587036234760777 0.0
20.0 0.45311773057642535 0.23500474408772695 0.0
23.2 0.4990864273297637 0.28245890735907253 0.0
26.4 0.5406830911624871 0.3352006507192744 0.0
29.599999999999994 0.576865208930662 0.3925529999363966 0.0
32.800000000000004 0.606850925727147 0.4537791770307015 0.0
36.0 0.6300449020435 0.5180918519795564 0.0
39.199999999999996 0.6460024756501029 0.584663031583953 0.0
42.400000000000006 0.6544112607594743 0.652634462004891 0.0
45.6 0.6550810100583545 0.7211284150540966 0.0
48.8 0.6479373664197343 0.7892587235198504 0.0
51.99999999999999 0.6330172818456721 0.8561419276850171 0.0
55.2 0.6104649180290622 0.920908393789732 0.0
58.4 0.5805273761641322 0.9827132655231298 0.0
61.599999999999994 0.5435498947310853 1.0407471116929485 0.0
64.8 0.49997032225509913 1.0942461369931096 0.0
68.0 0.45031277495668975 1.1425018282205164 0.0
71.2 0.39518045573877303 1.1848699153156828 0.0
74.4 0.3352476562843187 1.2207785351298608 0.0
77.6 0.2712509964018951 1.249735495747912 0.0
80.8 0.20397997874853716 1.2713345503974651 0.0
84.0 0.1342669553071523 1.285260602311401 0.0
87.19999999999999 0.0629766160358296 1.29129377522867 0.0
90.4 -0.00630443344856095 1.290561957620146 0.0
93.60000000000001 -0.05662921286389374 1.2905337953430256 0.0
96.8 -0.10631411909608182 1.2825121165019668 0.0
100.0 -0.15474187393286384 1.2666434223798981 0.0
103.2 -0.20131214857999571 1.2431717118771821 0.0
106.4 -0.245449117140808 1.2124352961686313 0.0
109.60000000000001 -0.2866087386345197 1.1748624392496019 0.0
112.79999999999998 -0.32428568442451144 1.1309658791530717 0.0
116.00000000000001 -0.35801983598583337 1.0813362985653212 0.0
119.19999999999999 -0.3874022884323611 1.0266348266555363 0.0
122.39999999999999 -0.41208080887928883 0.9675846660012367 0.0
125.60000000000001 -0.4317647167634006 0.9049619493865811 0.0
128.8 -0.4462291777918607 0.8395859408384325 0.0
132.0 -0.4553189379518623 0.7723087034262439 0.0
135.2 -0.4589515756867474 0.7040043629845667 0.0
138.4 -0.4571204313820585 0.6355581019386989 0.0
141.6 -0.4498975076791341 0.567855020762145 0.0
144.79999999999998 -0.43743686990982744 0.5017690062274246 0.0
148.0 -0.4199795142025559 0.4381517455091194 0.0
151.20000000000002 -0.3978615363295974 0.37782202336112986 0.0
154.4 -0.371529261192681 0.32155543604196524 0.0
157.6 -0.3415691544488026 0.2700746504467404 0.0
160.79999999999998 -0.3044951149473578 0.22404033008750204 0.0
164.0 -0.2537459291227981 0.18404284122956188 0.0
167.2 -0.20299674329823847 0.1505948427446609 0.0
170.4 -0.1522475574736787 0.12412485220353556 0.0
173.6 -0.10149837164911943 0.1049718685385017 0.0
176.8 -0.050749185824559714 0.09338111841302439 0.0
180.0 0.0 0.08950097940444421 0.0

Reynolds Number: 100000.0
BV Dyn. Stall Model - Positive Stall AOA (deg): 10
BV Dyn. Stall Model - Negative Stall AOA (deg): -10
LB Dyn. Stall Model - Lift Coeff. Slope at Zero Lift AOA (per radian): 0.0
LB Dyn. Stall Model - Positive Critical Lift Coeff.: 0.0
LB Dyn. Stall Model - Negative Critical Lift Coeff.: 0.0
AOA (deg) CL CD Cm25
-180.0 0.0 0.0001 0.0
-176.8 0.2553309886286808 0.0001 0.0
-173.6 0.5106619772573616 0.011335724547618883 0.0
-170.4 0.7659929658860404 0.03122100099091292 0.0
-167.2 0.6896031401109002 0.058713002335183714 0.0
-164.0 0.6254942836805659 0.09346954253641407 0.0
-160.79999999999998 0.5928961503265018 0.13505802337364062 0.0
-157.6 0.5765819965254463 0.18296082451176177 0.0
-154.4 0.5687359092188602 0.23658175288115435 0.0
-151.20000000000002 0.5648655516215285 0.29525347099523336 0.0
-148.0 0.5621701392040134 0.3582458116267191 0.0
-144.79999999999998 0.5588007718154413 0.42477487521688384 0.0
-141.6 0.5534921293001669 0.4940127966371616 0.0
-138.4 0.5453651234849838 0.5650980595807487 0.0
-135.2 0.5338146008070144 0.6371462300372168 0.0
-132.0 0.5184419968234478 0.7092609750807292 0.0
-128.8 0.4990128905900914 0.780545229647315 0.0
-125.60000000000001 0.4754288465797046 0.8501123721330819 0.0
-122.39999999999999 0.447707657252054 0.9170972695362695 0.0
-119.19999999999999 0.4159685917003022 0.9806670544929545 0.0
-116.00000000000001 0.3804206314188873 1.0400314998987856 0.0
-112.79999999999998 0.3413524647454759 1.0944528618256562 0.0
-109.60000000000001 0.29912348266523614 1.1432550680701883 0.0
-106.4 0.2541553090399167 1.1858321378277321 0.0
-103.2 0.20692358299274072 1.2216557275695126 0.0
-100.0 0.15794983216407388 1.2502817090922431 0.0
-96.8 0.10779335710318184 1.271355697773131 0.0
-93.60000000000001 0.05704310357946149 1.2846174621483746 0.0
-90.4 0.006309539885225145 1.2899041598769365 0.0
-87.19999999999999 -0.06333420615049705 1.2866909861968332 0.0
-84.0 -0.1359113135746189 1.2754115801715609 0.0
-80.8 -0.20785576027473668 1.2562700090458072 0.0
-77.6 -0.27831742214249683 1.2295024135293513 0.0
-74.4 -0.34648562177761644 1.1954400083374053 0.0
-71.2 -0.4116007418414413 1.1545049614264342 0.0
-68.0 -0.4729658225591175 1.1072051394819076 0.0
-64.8 -0.5299581603455537 1.0541277851278181 0.0
-61.599999999999994 -0.5820409985195107 0.9959322046433511 0.0
-58.4 -0.6287755070910446 0.933341557305732 0.0
-55.2 -0.6698334048006689 0.8671338486762327 0.0
-51.99999999999999 -0.7050108132858867 0.7981322400690934 0.0
-48.8 -0.7342443026305742 0.727194794966948 0.0
-45.6 -0.7576306820864395 0.655203790165029 0.0
-42.400000000000006 -0.7754530787394012 0.5830547248524911 0.0
-39.199999999999996 -0.7882175517374801 0.5116451646049737 0.0
-36.0 -0.7967075462073907 0.4418635593210954 0.0
-32.800000000000004 -0.8020692174637039 0.3745781744612778 0.0
-29.599999999999994 -0.8059519387621243 0.3106262735360688 0.0
-26.4 -0.8107518793806217 0.2508036866605554 0.0
-23.2 -0.8200593574041186 0.19585489518054724 0.0
-20.0 -0.5518915649930545 0.21705927602097938 0.0
-19.000000000000004 -0.4936687142486864 0.2038633592387369 0.0
-18.0 -0.46457829365707587 0.19262479400447824 0.0
-17.000000000000004 -0.44458878618806474 0.18128467805316803 0.0
-16.0 -0.42641228064344894 0.16992818454099948 0.0
-15.0 -0.48440599855271577 0.14962278176342134 0.0
-14.0 -0.46406813165444205 0.13197185541781292 0.0
-13.000000000000002 -1.1092917301933953 0.04399250640208453 0.0
-12.0 -1.1149438397698765 0.03974035603772798 0.0
-11.0 -1.1265191245442756 0.036687044925038874 0.0
-10.0 -1.1398704849494663 0.03424763090669695 0.0
-9.0 -1.1345610033646625 0.03193123765744664 0.0
-8.0 -1.1099825808067818 0.030235138691795817 0.0
-7.0 -1.0942455984954538 0.028770866294240183 0.0
-6.0 -0.9443520494066404 0.02851586552911731 0.0
-5.0 -0.808669764027204 0.027968911390386413 0.0
-4.0 -0.6885470738619297 0.027191304738842036 0.0
-3.0 -0.5268252769983065 0.02599689852078415 0.0
-2.0 -0.4085439620011624 0.02504180848496656 0.0
-1.0 -0.20418231996994735 0.023368183643593384 0.0
0.0 5.0817861940207634e-12 0.02289076125256227 0.0
1.0 0.20418056128399154 0.02336764988783119 0.0
2.0 0.4085331607258236 0.02504003767662135 0.0
3.0 0.5268727337880421 0.02599413670566163 0.0
4.0 0.6885698608967463 0.027186457172206555 0.0
5.0 0.8087889630057391 0.027961429005820104 0.0
6.0 0.9445395623740139 0.02850486846364592 0.0
7.0 1.0941445161397767 0.028760083765147142 0.0
8.0 1.109876600568302 0.030224278576199352 0.0
9.0 1.1344461378916482 0.03191957257420562 0.0
10.0 1.139910440398624 0.0342356881773602 0.0
11.0 1.1267049076873739 0.036676132983980196 0.0
12.0 1.115242190280823 0.03972702385624524 0.0
13.000000000000002 1.1097534855957707 0.04397700196337216 0.0
14.0 0.46600176959983386 0.1318681169417405 0.0
15.0 0.41301595114664125 0.15842942745860958 0.0
16.0 0.4283021134771351 0.17005837045581962 0.0
17.000000000000004 0.44653939842562335 0.18149670735291681 0.0
18.0 0.4665454830738778 0.19294226597670283 0.0
19.000000000000004 0.4950407557306247 0.20426867394626078 0.0
20.0 0.5547342675324696 0.21773497655329327 0.0
23.2 0.8200746989835193 0.19584374885828587 0.0
26.4 0.8107647878890032 0.2507928243952213 0.0
29.599999999999994 0.8059628884464312 0.31061572920132835 0.0
32.800000000000004 0.8020785483344488 0.3745679809393398 0.0
36.0 0.7967155122006225 0.44185374840016883 0.0
39.199999999999996 0.7882243492075387 0.5116357668801372 0.0
42.400000000000006 0.7754588641888499 0.5830457696302831 0.0
45.6 0.757635583664699 0.655195305372056 0.0
48.8 0.7342484278529547 0.7271868070627961 0.0
51.99999999999999 0.7050142543688424 0.7981247739638151 0.0
55.2 0.6698362424429384 0.8671269276526655 0.0
58.4 0.6287778132124093 0.9333352029468918 0.0
61.599999999999994 0.5820428382831471 0.9959264367651256 0.0
64.8 0.5299595936776387 1.054122621717172 0.0
68.0 0.472966905309393 1.1072005966407905 0.0
71.2 0.41160152668371125 1.1545010533215672 0.0
74.4 0.34648615891992274 1.1954367471561027 0.0
77.6 0.2783177598972463 1.2294998094415144 0.0
80.8 0.20785594552590414 1.25626807017221 0.0
84.0 0.1359113921701968 1.2754103125585257 0.0
87.19999999999999 0.06333422324227216 1.2866903937973755 0.0
90.4 -0.0063095401292980755 1.2899040752154358 0.0
93.60000000000001 -0.05704312336224278 1.28461670068993 0.0
96.8 -0.10779342780648798 1.2713542618923295 0.0
100.0 -0.15794998549521586 1.2502796032668377 0.0
103.2 -0.20692385120310527 1.2216529583664602 0.0
106.4 -0.25415572517075447 1.1858287138827142 0.0
109.60000000000001 -0.29912408083387043 1.14325100006068 0.0
112.79999999999998 -0.3413532804883031 1.0944481624376299 0.0
116.00000000000001 -0.38042170211223736 1.0400261837871494 0.0
119.19999999999999 -0.4159699570871268 0.980661138235852 0.0
122.39999999999999 -0.4477093601125507 0.9170907715833805 0.0
125.60000000000001 -0.4754309335990504 0.8501053127480882 0.0
128.8 -0.4990154134991753 0.7805376308447085 0.0
132.0 -0.518445013923424 0.7092528605571602 0.0
135.2 -0.5338181790434837 0.6371376250975971 0.0
138.4 -0.5453693413265017 0.5650889910593382 0.0
141.6 -0.5534970808240002 0.4940032928138873 0.0
144.79999999999998 -0.5588065726595718 0.42476496572914896 0.0
148.0 -0.5621769355053806 0.35823552737698006 0.0
151.20000000000002 -0.5648735339313149 0.29524284405463125 0.0
154.4 -0.5687453351272953 0.23657081638950206 0.0
157.6 -0.5765932294608096 0.18294961257419828 0.0
160.79999999999998 -0.592909730701512 0.13504657095427525 0.0
164.0 -0.6255110712015364 0.09345788534929175 0.0
167.2 -0.6896246339916464 0.05870117673291185 0.0
170.4 -0.7660198159478744 0.031209043851296768 0.0
173.6 -0.5106798772985842 0.011323673158659186 0.0
176.8 -0.2553399386492921 0.0001 0.0
180.0 0.0 0.0001 0.0

Reynolds Number: 122000.0
BV Dyn. Stall Model - Positive Stall AOA (deg): 14
BV Dyn. Stall Model - Negative Stall AOA (deg): -14
LB Dyn. Stall Model - Lift Coeff. Slope at Zero Lift AOA (per radian): 0.0
LB Dyn. Stall Model - Positive Critical Lift Coeff.: 0.0
LB Dyn. Stall Model - Negative Critical Lift Coeff.: 0.0
AOA (deg) CL CD Cm25
-180.0 0.0 0.0001 0.0
-176.8 0.17923419335450103 0.0001 0.0
-173.6 0.35846838670900205 0.0001 0.0
-170.4 0.5377025800635017 0.003417053946904114 0.0
-167.2 0.7169367734180028 0.0312149191910904 0.0
-164.0 0.7321453958750095 0.06636307528456652 0.0
-160.79999999999998 0.6791722658655084 0.1084277027633169 0.0
-157.6 0.6479448291810476 0.15688969644244377 0.0
-154.4 0.6286187007178653 0.21115111942624576 0.0
-151.20000000000002 0.6155771616373118 0.27054263686384983 0.0
-148.0 0.6053470383364665 0.33433183685420215 0.0
-144.79999999999998 0.5956535316288671 0.4017323348552665 0.0
-141.6 0.5849491576967306 0.4719135481949838 0.0
-138.4 0.5721610685050111 0.5440110189374551 0.0
-135.2 0.5565471352785025 0.6171371565309417 0.0
-132.0 0.5376096314393194 0.690392266439665 0.0
-128.8 0.5150409307179284 0.7628757274041678 0.0
-125.60000000000001 0.48868767942304836 0.8336971781294198 0.0
-122.39999999999999 0.4585259291218227 0.9019875740889929 0.0
-119.19999999999999 0.424642893503071 0.966909976758745 0.0
-116.00000000000001 0.3872227457276877 1.027669940934352 0.0
-112.79999999999998 0.34653487851168924 1.0835253708020063 0.0
-109.60000000000001 0.3029236476949431 1.1337957220581325 0.0
-106.4 0.25679898804091794 1.1778704355295044 0.0
-103.2 0.2086275233026239 1.2152164973279045 0.0
-100.0 0.15892394483126737 1.2453850314641213 0.0
-96.8 0.10824253517117889 1.2680168429087895 0.0
-93.60000000000001 0.05716878357895332 1.2828468421720045 0.0
-90.4 0.0063110904804262995 1.2897072964167124 0.0
-87.19999999999999 -0.06344279018908329 1.2853134792277945 0.0
-84.0 -0.136410631240965 1.2724639984896706 0.0
-80.8 -0.2090326608475728 1.2517615446009351 0.0
-77.6 -0.2804631778941563 1.223447125839991 0.0
-74.4 -0.349898086576566 1.1878567806464644 0.0
-71.2 -0.41658684438352983 1.145417441814376 0.0
-68.0 -0.47984453450909775 1.0966416671208845 0.0
-64.8 -0.5390641183538163 1.042121301906766 0.0
-61.599999999999994 -0.5937290159661786 0.9825201524396434 0.0
-58.4 -0.6434262949495222 0.918565761223747 0.0
-55.2 -0.6878609446961984 0.8510403866169519 0.0
-51.99999999999999 -0.7268720115551212 0.7807712990374746 0.0
-48.8 -0.760451838318446 0.708620514565173 0.0
-45.6 -0.7887704062783641 0.6354740937596907 0.0
-42.400000000000006 -0.8122080361472788 0.5622311389422169 0.0
-39.199999999999996 -0.8314018755652703 0.4897926269517855 0.0
-36.0 -0.8473154971615303 0.4190502164438402 0.0
-32.800000000000004 -0.8613482345650967 0.35087516912264155 0.0
-29.599999999999994 -0.8755152775997952 0.28610752288588887 0.0
-26.4 -0.8927596265692898 0.22554565172728547 0.0
-23.2 -0.9175244035414871 0.16993634242970873 0.0
-20.0 -0.552928918722609 0.21375435395523784 0.0
-19.000000000000004 -0.4950085805175399 0.2011892710213964 0.0
-18.0 -0.4771917335971691 0.18947806699556233 0.0
-17.000000000000004 -1.0047530962133953 0.07652748052736968 0.0
-16.0 -1.05586556625256 0.06201053736164252 0.0
-15.0 -1.099277945940615 0.05088527433844839 0.0
-14.0 -1.12021370846563 0.043555488658915543 0.0
-13.000000000000002 -1.119019298885721 0.038716116978330994 0.0
-12.0 -1.1085852471670588 0.035118226701349585 0.0
-11.0 -1.104331850941037 0.03240151174015766 0.0
-10.0 -1.1152992053343445 0.030493787082959856 0.0
-9.0 -1.1201162119079562 0.028903388822105604 0.0
-8.0 -1.1126034936515798 0.027473912092055984 0.0
-7.0 -0.9944533663471771 0.026767603884752387 0.0
-6.0 -0.864588505412517 0.025824373438095315 0.0
-5.0 -0.7417268155029719 0.02465992548898985 0.0
-4.0 -0.5900403559356859 0.02327149770237072 0.0
-3.0 -0.477107224766061 0.022026759733230667 0.0
-2.0 -0.30610417013165336 0.02030408258111345 0.0
-1.0 -0.1457191387637506 0.01921540615783651 0.0
0.0 -1.8649339374555621e-13 0.018806046993694033 0.0
1.0 0.14570803847809768 0.019215047567341093 0.0
2.0 0.3060985415425067 0.020303310474732324 0.0
3.0 0.47709120155621265 0.022024718515014273 0.0
4.0 0.590114218471941 0.02326867316077752 0.0
5.0 0.741818681007238 0.024655113938496235 0.0
6.0 0.8647882748029805 0.02581630037329269 0.0
7.0 0.9947946312265877 0.026754204010640867 0.0
8.0 1.1125260607141898 0.02746272007646763 0.0
9.0 1.1200988827888472 0.028891893619042566 0.0
10.0 1.1154803749931 0.030482899412536 0.0
11.0 1.104620286262492 0.032387062053794366 0.0
12.0 1.1091607704452224 0.03509922233179855 0.0
13.000000000000002 1.1201401874350507 0.03868691265333396 0.0
14.0 1.121909039345251 0.043498896764598685 0.0
15.0 0.5408515409728883 0.1286047056286269 0.0
16.0 1.0579711377187462 0.06191583900668604 0.0
17.000000000000004 1.0056066291107713 0.07659243669142302 0.0
18.0 0.47928434276199505 0.18976543204302912 0.0
19.000000000000004 0.49710669667944307 0.20160246592402067 0.0
20.0 0.5519397700780668 0.2140603610484244 0.0
23.2 0.9184586213789523 0.16988273443312232 0.0
26.4 0.8935456837587155 0.22549340989636618 0.0
29.599999999999994 0.8761820531726933 0.28605681013530465 0.0
32.800000000000004 0.8619164332923148 0.35082614359866665 0.0
36.0 0.8478005823522999 0.4190030310311806 0.0
39.199999999999996 0.8318158041193279 0.4897474287968122 0.0
42.400000000000006 0.8125603382102903 0.5621880689940941 0.0
45.6 0.7890688854454785 0.6354332863308301 0.0
48.8 0.7607030416809428 0.708582096912384 0.0
51.99999999999999 0.7270815545880429 0.7807353909651178 0.0
55.2 0.6880337415090402 0.8510071001033325 0.0
58.4 0.643566725061575 0.9185352000719135 0.0
61.599999999999994 0.5938410474566053 0.982492411953681 0.0
64.8 0.5391514003973351 1.0420964685945933 0.0
68.0 0.4799104680479112 1.096619818424481 0.0
71.2 0.4166346369627042 1.1453986458682819 0.0
74.4 0.34993079558980966 1.1878410960653043 0.0
77.6 0.2804837453014216 1.2234346015356867 0.0
80.8 0.20904394162516066 1.251752219630174 0.0
84.0 0.13641541727953935 1.2724579019321096 0.0
87.19999999999999 0.06344383098421684 1.2853106300953756 0.0
90.4 -0.006311105343125832 1.2897068892390506 0.0
93.60000000000001 -0.057169988241568194 1.282843179954034 0.0
96.8 -0.10824684061379604 1.2680099370710334 0.0
100.0 -0.1589332818548 1.2453749035422386 0.0
103.2 -0.20864385583920553 1.2152031789055324 0.0
106.4 -0.2568243281210507 1.1778539681397653 0.0
109.60000000000001 -0.30296007287603893 1.1337761570541138 0.0
112.79999999999998 -0.3465845527649051 1.0835027691966188 0.0
116.00000000000001 -0.38728794506603104 1.0276443732100604 0.0
119.19999999999999 -0.42472603805378795 0.9668815226477726 0.0
122.39999999999999 -0.45862962396373597 0.9019563223246777 0.0
125.60000000000001 -0.4888147674267698 0.8336632261695024 0.0
128.8 -0.5151945620101758 0.7628391811268721 0.0
132.0 -0.5377933562398486 0.6903532398135203 0.0
135.2 -0.5567650302063326 0.6170957712593744 0.0
138.4 -0.5724179118637488 0.543967404079261 0.0
141.6 -0.5852506782746852 0.4718678397618611 0.0
144.79999999999998 -0.5960067711433593 0.4016846753876673 0.0
148.0 -0.6057608957236483 0.33428237497682434 0.0
151.20000000000002 -0.6160632404165343 0.27049152682215505 0.0
154.4 -0.6291926867179 0.21109852060544945 0.0
157.6 -0.6486288531859707 0.15683577287047665 0.0
160.79999999999998 -0.6799992360386939 0.10837262259930862 0.0
164.0 -0.7331676636042743 0.06630701029444627 0.0
167.2 -0.7180217851809603 0.031158044211939656 0.0
170.4 -0.5385163388857198 0.0033595463417321475 0.0
173.6 -0.35901089259048086 0.0001 0.0
176.8 -0.17950544629524043 0.0001 0.0
180.0 0.0 0.0001 0.0

Reynolds Number: 144000.0
BV Dyn. Stall Model - Positive Stall AOA (deg): 17
BV Dyn. Stall Model - Negative Stall AOA (deg): -17
LB Dyn. Stall Model - Lift Coeff. Slope at Zero Lift AOA (per radian): 0.0
LB Dyn. Stall Model - Positive Critical Lift Coeff.: 0.0
LB Dyn. Stall Model - Negative Critical Lift Coeff.: 0.0
AOA (deg) CL CD Cm25
-180.0 0.0 0.0001 0.0
-176.8 0.14935023839412223 0.0001 0.0
-173.6 0.29870047678824446 0.0001 0.0
-170.4 0.4480507151823655 0.0001 0.0
-167.2 0.5974009535764878 0.013307576014597651 0.0
-164.0 0.74675119197061 0.048710760800039866 0.0
-160.79999999999998 0.7494432704795118 0.09108546521278676 0.0
-157.6 0.706069118985714 0.13991161710181693 0.0
-154.4 0.6773926156239378 0.19459014395438035 0.0
-151.20000000000002 0.6568812439912687 0.25445041019301995 0.0
-148.0 0.6405141765322423 0.3187585421368415 0.0
-144.79999999999998 0.6256697236967306 0.38672653696923087 0.0
-141.6 0.610570582279741 0.4575220422953569 0.0
-138.4 0.5939860888408838 0.5302786845271847 0.0
-135.2 0.5750625497098779 0.6041068175053829 0.0
-132.0 0.5532214717744637 0.678104557541477 0.0
-128.8 0.52809560378405 0.7513689675050214 0.0
-125.60000000000001 0.49948686177021445 0.8230072507336833 0.0
-122.39999999999999 0.4673372997743685 0.892147815432041 0.0
-119.19999999999999 0.43170802268972325 0.9579510718488551 0.0
-116.00000000000001 0.39276299754584687 1.0196198278623754 0.0
-112.79999999999998 0.3507559009743035 1.0764091536172251 0.0
-109.60000000000001 0.30601884284447184 1.127635592481993 0.0
-106.4 0.25895223727005495 1.1726856037513644 0.0
-103.2 0.2100153650781806 1.2110231320986016 0.0
-100.0 0.15971734953317426 1.2421962096741825 0.0
-96.8 0.10860838606619815 1.2658425088085192 0.0
-93.60000000000001 0.05727114863988593 1.2816937763606218 0.0
-90.4 0.006312353424195312 1.2895790946972445 0.0
-87.19999999999999 -0.06353123076651113 1.2844164170619217 0.0
-84.0 -0.13681732032074628 1.2705444699013773 0.0
-80.8 -0.2099912342032149 1.2488255355856783 0.0
-77.6 -0.2822108737817535 1.219503792258608 0.0
-74.4 -0.3526775038942556 1.1829184196728801 0.0
-71.2 -0.4206479733825816 1.1394994535872152 0.0
-68.0 -0.4854471743145132 1.0897625067185759 0.0
-64.8 -0.5464808270595326 1.034302421795904 0.0
-61.599999999999994 -0.6032487854040134 0.9737859355760793 0.0
-58.4 -0.6553592102734207 0.9089434450150328 0.0
-55.2 -0.7025441896622415 0.8405599779832574 0.0
-51.99999999999999 -0.7446777316532922 0.7694654808358581 0.0
-48.8 -0.7817976053333212 0.6965245436690185 0.0
-45.6 -0.8141333898654057 0.6226256911111481 0.0
-42.400000000000006 -0.8421445691664169 0.5486703719205142 0.0
-39.199999999999996 -0.8665750610986788 0.47556178442424274 0.0
-36.0 -0.8885351502808894 0.4041936768892365 0.0
-32.800000000000004 -0.9096303814631246 0.33543926223818754 0.0
-29.599999999999994 -0.9321738982839565 0.27014038510938027 0.0
-26.4 -0.9595540892670624 0.20909707612498704 0.0
-23.2 -0.9969086765124529 0.15305762341808946 0.0
-20.0 -0.5623775929996168 0.2096670335787932 0.0
-19.000000000000004 -0.5005642562678765 0.1992503368126143 0.0
-18.0 -0.8170129434687764 0.13023855077188173 0.0
-17.000000000000004 -1.1334616306696763 0.06122676473114912 0.0
-16.0 -1.120831433354193 0.053855427556464476 0.0
-15.0 -1.114543165361299 0.046941878755302514 0.0
-14.0 -1.1070732339282143 0.041107569053399136 0.0
-13.000000000000002 -1.0969304509153608 0.03644793044415387 0.0
-12.0 -1.087515311689423 0.03280106934268191 0.0
-11.0 -1.085095507381914 0.030068789762884077 0.0
-10.0 -1.0954466365012165 0.02818132951356812 0.0
-9.0 -1.1148888551629241 0.026900353640355038 0.0
-8.0 -1.063072289908037 0.02569893744498397 0.0
-7.0 -0.9308720215236123 0.02465232495471637 0.0
-6.0 -0.8098244360421387 0.023439455001504243 0.0
-5.0 -0.6712875246584543 0.022001621407570705 0.0
-4.0 -0.5578430620069232 0.020600148786607143 0.0
-3.0 -0.40021049906479855 0.018862460337752823 0.0
-2.0 -0.22959590137590513 0.017355113347259633 0.0
-1.0 -0.11143462354901848 0.016656005761696277 0.0
0.0 -2.8194831484084137e-13 0.01641017509414442 0.0
1.0 0.11143625530586553 0.016655853868264837 0.0
2.0 0.2296012643567935 0.017354713575897934 0.0
3.0 0.40019699259207936 0.018861253179532897 0.0
4.0 0.5578031423347359 0.020597194633217356 0.0
5.0 0.6713977615605643 0.021998305544609516 0.0
6.0 0.80995654679595 0.023433917751506463 0.0
7.0 0.9311854585226026 0.02464328452776837 0.0
8.0 1.063571546143267 0.025684527285164283 0.0
9.0 1.1149167433129386 0.02688871182877888 0.0
10.0 1.0955834850282327 0.028168355577727903 0.0
11.0 1.0853074287956332 0.030051737066808616 0.0
12.0 1.0879360319209388 0.032779283755748484 0.0
13.000000000000002 1.0976123798346824 0.03641930733376086 0.0
14.0 1.108045798426567 0.041069883854784356 0.0
15.0 1.1157701669521498 0.046898496230779754 0.0
16.0 1.1221200854127344 0.05382188648570803 0.0
17.000000000000004 1.1346819774628332 0.06121767021655495 0.0
18.0 0.9638464225502232 0.09035215526676516 0.0
19.000000000000004 0.7645354012331876 0.15028146097971354 0.0
20.0 0.565224379916152 0.21021076669266192 0.0
23.2 0.9977453436589541 0.15304888238683895 0.0
26.4 0.9602580666471646 0.20908855785335356 0.0
29.599999999999994 0.9327710493910761 0.2701321161613523 0.0
32.800000000000004 0.910139249083376 0.33543126840024495 0.0
36.0 0.888969583050309 0.4041859830899362 0.0
39.199999999999996 0.8669457673818283 0.47555441465647963 0.0
42.400000000000006 0.8424600839745757 0.5486633491667 0.0
45.6 0.8144007019451206 0.6226190372715413 0.0
48.8 0.7820225781309527 0.6965182794934294 0.0
51.99999999999999 0.744865394277996 0.7694596258589405 0.0
55.2 0.7026989430939649 0.8405545504635907 0.0
58.4 0.6554849767236235 0.9089384618781831 0.0
61.599999999999994 0.6033491186064578 0.9737814123618176 0.0
64.8 0.5465589951434239 1.0342983726097457 0.0
68.0 0.48550622309689084 1.089758944187793 0.0
71.2 0.42069077547780837 1.139496388821459 0.0
74.4 0.3527067974440873 1.1829158622295357 0.0
77.6 0.28222929354774123 1.2195017501129901 0.0
80.8 0.21000133704605972 1.24882401510616 0.0
84.0 0.13682160660289208 1.2705434758295306 0.0
87.19999999999999 0.06353216288219074 1.2844159524977317 0.0
90.4 -0.006312366734937099 1.2895790283050477 0.0
93.60000000000001 -0.05727222751206334 1.28169317921908 0.0
96.8 -0.10861224193604395 1.2658413827798018 0.0
100.0 -0.159725711588064 1.242194558269778 0.0
103.2 -0.21002999217715992 1.2110209604683677 0.0
106.4 -0.2589749313481239 1.1726829186674685 0.0
109.60000000000001 -0.3060514645212436 1.127632402317793 0.0
112.79999999999998 -0.35080038825984433 1.0764054683211577 0.0
116.00000000000001 -0.39282138879270373 1.0196156589269316 0.0
119.19999999999999 -0.4317824853163246 0.9579464322747421 0.0
122.39999999999999 -0.4674301668381422 0.892142719687639 0.0
125.60000000000001 -0.49960067929024454 0.8230017147099266 0.0
128.8 -0.5282331929519539 0.751363008465843 0.0
132.0 -0.553386012097326 0.6780981940699717 0.0
135.2 -0.5752576921276241 0.604100069445856 0.0
138.4 -0.5942161127083748 0.5302715729232687 0.0
141.6 -0.610840618187269 0.45751458932438654 0.0
144.79999999999998 -0.6259860780680232 0.38671876587308485 0.0
148.0 -0.6408848190797357 0.3187504771494628 0.0
151.20000000000002 -0.6573165665989918 0.25444207646484285 0.0
154.4 -0.6779066662120572 0.19458156747389987 0.0
157.6 -0.7066817174497833 0.13990282461454417 0.0
160.79999999999998 -0.7501838887243077 0.0910764841378439 0.0
164.0 -0.7475551851519839 0.04870161914465436 0.0
167.2 -0.5980441481215869 0.013298302286762521 0.0
170.4 -0.4485331110911898 0.0001 0.0
173.6 -0.29902207406079406 0.0001 0.0
176.8 -0.14951103703039703 0.0001 0.0
180.0 0.0 0.0001 0.0

Reynolds Number: 167000.0
BV Dyn. Stall Model - Positive Stall AOA (deg): 16
BV Dyn. Stall Model - Negative Stall AOA (deg): -16
LB Dyn. Stall Model - Lift Coeff. Slope at Zero Lift AOA (per radian): 0.0
LB Dyn. Stall Model - Positive Critical Lift Coeff.: 0.0
LB Dyn. Stall Model - Negative Critical Lift Coeff.: 0.0
AOA (deg) CL CD Cm25
-180.0 0.0 0.0001 0.0
-176.8 0.1560550016123669 0.0001 0.0
-173.6 0.3121100032247338 0.0001 0.0
-170.4 0.46816500483709944 0.0001 0.0
-167.2 0.6242200064494664 0.0166937900679296 0.0
-164.0 0.7802750080618333 0.05204874984689112 0.0
-160.79999999999998 0.7181070307867352 0.09436481982899331 0.0
-157.6 0.6801495140605202 0.1431221107130236 0.0
-154.4 0.6556426620456848 0.19772176472732295 0.0
-151.20000000000002 0.6384623437344213 0.2574933922571432 0.0
-148.0 0.6248319491631429 0.3217033960388895 0.0
-144.79999999999998 0.6122844790361534 0.38956407926583775 0.0
-141.6 0.5991451144582147 0.46024342419135467 0.0
-138.4 0.5842535672652873 0.5328754194703199 0.0
-135.2 0.5668058943821263 0.6065708076513889 0.0
-132.0 0.5462596192511548 0.6804281190069722 0.0
-128.8 0.5222740794361641 0.7535448543294809 0.0
-125.60000000000001 0.4946711377261987 0.8250286774757618 0.0
-122.39999999999999 0.46340800881991623 0.8940084783297793 0.0
-119.19999999999999 0.42855744041372645 0.959645168477782 0.0
-116.00000000000001 0.3902924101409021 1.0211420752302052 0.0
-112.79999999999998 0.34887360297154063 1.0777548046387178 0.0
-109.60000000000001 0.3046385896712843 1.1288004507826064 0.0
-106.4 0.25799202993655856 1.1736660367535279 0.0
-103.2 0.20939647905579653 1.2118160823498068 0.0
-100.0 0.15936354329333327 1.2427992043815626 0.0
-96.8 0.10844524066360836 1.2662536675501823 0.0
-93.60000000000001 0.057225500564934244 1.281911816949694 0.0
-90.4 0.0063117902344575014 1.2896033371803335 0.0
-87.19999999999999 -0.06349179209407332 1.284586048284312 0.0
-84.0 -0.13663596377753953 1.270907445839091 0.0
-80.8 -0.20956377362255993 1.2493807243085495 0.0
-77.6 -0.28143151652701304 1.2202494624263516 0.0
-74.4 -0.35143806683551715 1.183852245934228 0.0
-71.2 -0.4188369773332635 1.1406185238314583 0.0
-68.0 -0.48294876597640607 1.0910633311568991 0.0
-64.8 -0.5431734634746449 1.035780943844193 0.0
-61.599999999999994 -0.599003595249659 0.9754375445052629 0.0
-58.4 -0.6500379159945457 0.9107629903295116 0.0
-55.2 -0.6959964295120757 0.8425417854825779 0.0
-51.99999999999999 -0.7367375532544823 0.7716033703095454 0.0
-48.8 -0.7722787991731059 0.698811848169388 0.0
-45.6 -0.8028231697059929 0.6250552777439924 0.0
-42.400000000000006 -0.8287948471948672 0.5512346640888315 0.0
-39.199999999999996 -0.8508901370153001 0.4782527854556396 0.0
-36.0 -0.8701538999017828 0.40700299497332393 0.0
-32.800000000000004 -0.8880997240264019 0.3383581365962038 0.0
-29.599999999999994 -0.9069078852509339 0.2731597133144307 0.0
-26.4 -0.9297681582882056 0.2122074424877042 0.0
-23.2 -0.9615085193733977 0.1562493283491936 0.0
-20.0 -0.5470767102867613 0.206620202198947 0.0
-19.000000000000004 -1.0821015236746405 0.08419800063194385 0.0
-18.0 -1.1034836859102877 0.07131252768482865 0.0
-17.000000000000004 -1.10897526800899 0.0611785781154735 0.0
-16.0 -1.1146785829454764 0.052048749846891076 0.0
-15.0 -1.111759156317898 0.04481237238569268 0.0
-14.0 -1.1005931531927724 0.03915514373704417 0.0
-13.000000000000002 -1.0854579527277948 0.03464570382965015 0.0
-12.0 -1.0715432097866016 0.03104979025064065 0.0
-11.0 -1.0654578393629544 0.028302931822956096 0.0
-10.0 -1.0723820686317158 0.02637185866526035 0.0
-9.0 -1.0912325149710418 0.025113107945125963 0.0
-8.0 -1.0050926084586496 0.024062402463106224 0.0
-7.0 -0.8807816824587859 0.022811101298052604 0.0
-6.0 -0.7522953815923717 0.021380337882296707 0.0
-5.0 -0.6117404893988144 0.019685864833692234 0.0
-4.0 -0.49597140132187506 0.0181842597877714 0.0
-3.0 -0.34213541815076715 0.016625448534257313 0.0
-2.0 -0.2110564826354264 0.015591960925148527 0.0
-1.0 -0.10045908249010717 0.015065739304676078 0.0
0.0 -2.128042580839985e-13 0.014913120259656288 0.0
1.0 0.10045827314647983 0.015065620043967762 0.0
2.0 0.2110509873655392 0.015591612246983974 0.0
3.0 0.3421374562089315 0.016624728312957027 0.0
4.0 0.49594009290101665 0.0181821923223461 0.0
5.0 0.6118553126450906 0.019683495203769805 0.0
6.0 0.752483773022152 0.021376048534687556 0.0
7.0 0.8809285500759119 0.022804842224134363 0.0
8.0 1.005564246083978 0.024052849338964573 0.0
9.0 1.0913635147986194 0.025101284686229252 0.0
10.0 1.0725187613211304 0.026355943986519897 0.0
11.0 1.0657113268060134 0.028282097264589155 0.0
12.0 1.0720386299988027 0.03102296352300571 0.0
13.000000000000002 1.0862666037723472 0.034609893119648266 0.0
14.0 1.1017911803934768 0.03910454070137276 0.0
15.0 1.1134150050670002 0.044739282271933085 0.0
16.0 1.1167507184719843 0.05195135727011145 0.0
17.000000000000004 1.111272988662972 0.06107490936386874 0.0
18.0 1.1054435878284254 0.07127042204571524 0.0
19.000000000000004 1.090046983356321 0.08346113715361597 0.0
20.0 0.5496414189488743 0.20709043786568332 0.0
23.2 0.9628340803204605 0.15615620390714258 0.0
26.4 0.9308834942095233 0.2121166912627775 0.0
29.599999999999994 0.9078539725813657 0.27307161831174914 0.0
32.800000000000004 0.8889059407488475 0.3382729725375346 0.0
36.0 0.8708421868934202 0.40692102744036845 0.0
39.199999999999996 0.8514774599116619 0.4781742700618244 0.0
42.400000000000006 0.8292947283120645 0.5511598456821851 0.0
45.6 0.80324668155898 0.6249843896435939 0.0
48.8 0.7726352314244962 0.6987451114377679 0.0
51.99999999999999 0.7370348736973502 0.7715409930633081 0.0
55.2 0.6962416107724781 0.8424839622433967 0.0
58.4 0.6502371721689237 0.9107099014175178 0.0
61.599999999999994 0.5991625566423828 0.9753893554767227 0.0
64.8 0.5432973078968221 1.035737804975225 0.0
68.0 0.48304231902222455 1.0910253769748428 0.0
71.2 0.41890479018586846 1.140585872695354 0.0
74.4 0.35148447762841145 1.183824999665717 0.0
77.6 0.28146069960483483 1.2202277059921498 0.0
80.8 0.20957977990891338 1.2493645255554797 0.0
84.0 0.1366427546838687 1.2708968552825055 0.0
87.19999999999999 0.06349326887746111 1.2845810989505608 0.0
90.4 -0.006311811323130055 1.2896026298568932 0.0
93.60000000000001 -0.057227209859761013 1.2819054551748306 0.0
96.8 -0.10845134965271586 1.26624167116291 0.0
100.0 -0.15937679158860263 1.2427816107922751 0.0
103.2 -0.2094196532789711 1.2117929464236132 0.0
106.4 -0.25802798495611867 1.1736374306391577 0.0
109.60000000000001 -0.3046902733317904 1.128766463687416 0.0
112.79999999999998 -0.3489440857299475 1.0777155425504994 0.0
116.00000000000001 -0.390384921430257 1.0210976605866673 0.0
119.19999999999999 -0.42867541415065546 0.9595957397847309 0.0
122.39999999999999 -0.46355514134869036 0.893954189729192 0.0
125.60000000000001 -0.49485146279366954 0.8249696982650997 0.0
128.8 -0.5224920667546277 0.7534813684337394 0.0
132.0 -0.5465203062246013 0.6803603244051164 0.0
135.2 -0.5671150653220413 0.6064989157589619 0.0
138.4 -0.5846180021028611 0.5327996544801489 0.0
141.6 -0.599572941766626 0.4601640223744126 0.0
144.79999999999998 -0.6127856903025115 0.3894812882344386 0.0
148.0 -0.6254191710808814 0.32161747397451645 0.0
151.20000000000002 -0.6391520405279247 0.25740460710531693 0.0
154.4 -0.6564570903249297 0.19763039336202107 0.0
157.6 -0.6811200751774432 0.14302843807325719 0.0
160.79999999999998 -0.7192804181081919 0.09426913803023253 0.0
164.0 -0.7817255029303888 0.05195135727011149 0.0
167.2 -0.6253804023443107 0.016594990429119383 0.0
170.4 -0.4690353017582327 0.0001 0.0
173.6 -0.312690201172156 0.0001 0.0
176.8 -0.156345100586078 0.0001 0.0
180.0 0.0 0.0001 0.0

Reynolds Number: 189000.0
BV Dyn. Stall Model - Positive Stall AOA (deg): 17
BV Dyn. Stall Model - Negative Stall AOA (deg): -17
LB Dyn. Stall Model - Lift Coeff. Slope at Zero Lift AOA (per radian): 0.0
LB Dyn. Stall Model - Positive Critical Lift Coeff.: 0.0
LB Dyn. Stall Model - Negative Critical Lift Coeff.: 0.0
AOA (deg) CL CD Cm25
-180.0 0.0 0.0001 0.0
-176.8 0.14848039344814626 0.0001 0.0
-173.6 0.2969607868962925 0.0001 0.0
-170.4 0.44544118034443764 0.0001 0.0
-167.2 0.5939215737925839 0.010309392504172094 0.0
-164.0 0.7424019672407303 0.045755276131726294 0.0
-160.79999999999998 0.7454368743305267 0.08818189598169407 0.0
-157.6 0.7027552496008226 0.13706901800623553 0.0
-154.4 0.674611843868589 0.19181737955896244 0.0
-151.20000000000002 0.654526353558305 0.25175612728488606 0.0
-148.0 0.6385091747849028 0.3161511427608201 0.0
-144.79999999999998 0.6239583954331254 0.38421415222631994 0.0
-141.6 0.6091098151063565 0.455112506986116 0.0
-138.4 0.5927417679733302 0.5279795127191318 0.0
-135.2 0.5740069210692714 0.6019251791005876 0.0
-132.0 0.5523313860649899 0.676047255917425 0.0
-128.8 0.5273513111389445 0.7494424182984739 0.0
-125.60000000000001 0.49887116255251385 0.8212174618336963 0.0
-122.39999999999999 0.4668349326651525 0.8905003682445338 0.0
-119.19999999999999 0.4313052149239745 0.9564511038911536 0.0
-116.00000000000001 0.39244712838088186 1.018272016742011 0.0
-112.79999999999998 0.35051524569647025 1.075217702444947 0.0
-109.60000000000001 0.3058423749257969 1.1266042167644879 0.0
-106.4 0.2588294729881607 1.1718175198045533 0.0
-103.2 0.2099362393566183 1.2103210470176504 0.0
-100.0 0.15967211475163434 1.2416623128915023 0.0
-96.8 0.10858752762501094 1.2654784652660833 0.0
-93.60000000000001 0.05726531244915316 1.2815007213178915 0.0
-90.4 0.0063122814193466515 1.2895576301908949 0.0
-87.19999999999999 -0.06352618845936371 1.2842662240954366 0.0
-84.0 -0.13679413355157996 1.270223087834563 0.0
-80.8 -0.20993658257810066 1.248333966639395 0.0
-77.6 -0.2821112315166098 1.2188435693766717 0.0
-74.4 -0.3525190395760182 1.1820916017416212 0.0
-71.2 -0.42041643419125074 1.138508619014901 0.0
-68.0 -0.4851277481918348 1.0886107453947158 0.0
-64.8 -0.5460579745137359 1.0329933254555181 0.0
-61.599999999999994 -0.6027060299983596 0.9723235865989739 0.0
-58.4 -0.654678872966982 0.907332403695015 0.0
-55.2 -0.7017070464278493 0.8388052683069883 0.0
-51.99999999999999 -0.7436625651728488 0.7675725748156924 0.0
-48.8 -0.7805806083765354 0.69449934427869 0.0
-45.6 -0.8126873573185813 0.6204745138775126 0.0
-42.400000000000006 -0.840437782544244 0.546399925228759 0.0
-39.199999999999996 -0.8645697145714355 0.47317914859797733 0.0
-36.0 -0.8861850734543659 0.40170628211070397 0.0
-32.800000000000004 -0.9068776471246938 0.33285486537745246 0.0
-29.599999999999994 -0.9289435918302104 0.26746704553474904 0.0
-26.4 -0.9557459029518698 0.20634313057009662 0.0
-23.2 -0.992382701008504 0.15023165998404 0.0
-20.0 -1.1007704362323654 0.09212554998367393 0.0
-19.000000000000004 -1.08867252172434 0.0826790319536841 0.0
-18.0 -1.1100699699304528 0.0695828384816292 0.0
-17.000000000000004 -1.1268601288475373 0.058286520616121516 0.0
-16.0 -1.1263075294951992 0.04998204257007585 0.0
-15.0 -1.1102938499576385 0.04371889746082986 0.0
-14.0 -1.0950102335637646 0.038229763331648715 0.0
-13.000000000000002 -1.0798347135143689 0.03364768617868899 0.0
-12.0 -1.0672875524652528 0.02998677773996248 0.0
-11.0 -1.0595912650039823 0.027209478414904488 0.0
-10.0 -1.0633853461879057 0.025206937258761806 0.0
-9.0 -1.0802877897905983 0.02390000780042189 0.0
-8.0 -0.9535006426457692 0.0227456865364831 0.0
-7.0 -0.840247601899305 0.021366326800466844 0.0
-6.0 -0.7078441653137041 0.019760844700702867 0.0
-5.0 -0.5688140129373999 0.01791513679024496 0.0
-4.0 -0.4433375344184951 0.016425445052274782 0.0
-3.0 -0.2951244467635445 0.015062362959498223 0.0
-2.0 -0.1841025407869013 0.014331549912011996 0.0
-1.0 -0.08394366442505864 0.01398071514276779 0.0
0.0 3.493314201452173e-14 0.01390041900077075 0.0
1.0 0.08394563819032068 0.01398062694014163 0.0
2.0 0.18410737449727804 0.014331333688124923 0.0
3.0 0.2951375833257626 0.015061887908562381 0.0
4.0 0.4432931654294035 0.016423745005745553 0.0
5.0 0.568928125661697 0.01791328491255819 0.0
6.0 0.7080481796972604 0.019757591798861593 0.0
7.0 0.8405379719087503 0.021361442113621835 0.0
8.0 0.9540965705005557 0.022738190064877088 0.0
9.0 1.0804213581313953 0.023886835989120152 0.0
10.0 1.0635333242761733 0.025189410969146855 0.0
11.0 1.059895187665773 0.027188134029665988 0.0
12.0 1.0677349948952581 0.029958987010890965 0.0
13.000000000000002 1.080553415756839 0.033612400327336124 0.0
14.0 1.0960031159095205 0.03818593163026657 0.0
15.0 1.111541631614607 0.04366917114635415 0.0
16.0 1.1277352291483638 0.04993464741721532 0.0
17.000000000000004 1.1297772039133929 0.05812423827318272 0.0
18.0 1.1132184505063496 0.06940526394930498 0.0
19.000000000000004 1.0914357391913325 0.08258198104255625 0.0
20.0 1.1024837707264454 0.09220545908062888 0.0
23.2 0.9943826414231178 0.15007568519106518 0.0
26.4 0.9574286663056457 0.20619113069543 0.0
29.599999999999994 0.9303710013296206 0.26731949458568843 0.0
32.800000000000004 0.9080940268088789 0.3327122234874474 0.0
36.0 0.8872235266273252 0.4015689941044426 0.0
39.199999999999996 0.8654558381400761 0.47304764260421306 0.0
42.400000000000006 0.8411919783064233 0.5462746113452034 0.0
45.6 0.8133263309340413 0.6203557828919571 0.0
48.8 0.7811183756260962 0.6943875664503454 0.0
51.99999999999999 0.7441111474663298 0.767468098720546 0.0
55.2 0.7020769637165798 0.8387084197507793 0.0
58.4 0.6549795007705416 0.907243484697219 0.0
61.599999999999994 0.6029458630398928 0.9722428744509635 0.0
64.8 0.5462448248170624 1.0329210718558375 0.0
68.0 0.48526889637340814 1.0885471756641663 0.0
71.2 0.4205187468497938 1.138453931393884 0.0
74.4 0.35258906187155226 1.182045966771932 0.0
77.6 0.28215526149266484 1.2188071293696685 0.0
80.8 0.20996073206669047 1.2483068352322064 0.0
84.0 0.13680437933322406 1.2702053496357126 0.0
87.19999999999999 0.06352841655667404 1.2842579344209943 0.0
90.4 -0.006312313236886707 1.2895564454898143 0.0
93.60000000000001 -0.057267891348155964 1.2814900659357447 0.0
96.8 -0.10859674456387411 1.2654583724313775 0.0
100.0 -0.15969210312047746 1.2416328452631724 0.0
103.2 -0.2099712034717024 1.2102822964896596 0.0
106.4 -0.2588837201330286 1.171769607219324 0.0
109.60000000000001 -0.30592035266167567 1.1265472915360581 0.0
112.79999999999998 -0.3506215865760682 1.0751519420930271 0.0
116.00000000000001 -0.39258670481212693 1.0181976263383932 0.0
119.19999999999999 -0.43148320782944616 0.9563683154202016 0.0
122.39999999999999 -0.4670569189052055 0.890409439879746 0.0
125.60000000000001 -0.49914322804373257 0.8211186771325991 0.0
128.8 -0.5276801995608875 0.7493360853183558 0.0
132.0 -0.552724697602203 0.6759337062546685 0.0
135.2 -0.5744733828031741 0.6018047668565955 0.0
138.4 -0.5932916091268222 0.5278526133960713 0.0
141.6 -0.6097552996662805 0.4549795163159268 0.0
144.79999999999998 -0.624714598058188 0.3840754849366349 0.0
148.0 -0.6393951460020199 0.316007231281649 0.0
151.20000000000002 -0.6555669337701869 0.2516074204000947 0.0
154.4 -0.675840612741175 0.19166434100675317 0.0
157.6 -0.7042195839318001 0.1369121250329926 0.0
160.79999999999998 -0.7472072227489654 0.08802163785370448 0.0
164.0 -0.7443238049311762 0.04559215260941661 0.0
167.2 -0.5954590439449406 0.010143912283619806 0.0
170.4 -0.44659428295870524 0.0001 0.0
173.6 -0.297729521972471 0.0001 0.0
176.8 -0.1488647609862355 0.0001 0.0
180.0 0.0 0.0001 0.0

Reynolds Number: 211000.0
BV Dyn. Stall Model - Positive Stall AOA (deg): 18
BV Dyn. Stall Model - Negative Stall AOA (deg): -18
LB Dyn. Stall Model - Lift Coeff. Slope at Zero Lift AOA (per radian): 0.0
LB Dyn. Stall Model - Positive Critical Lift Coeff.: 0.0
LB Dyn. Stall Model - Negative Critical Lift Coeff.: 0.0
AOA (deg) CL CD Cm25
-180.0 0.0 0.0001 0.0
-176.8 0.14143722502696493 0.0001 0.0
-173.6 0.28287445005392986 0.0001 0.0
-170.4 0.4243116750808937 0.0001 0.0
-167.2 0.5657489001078586 0.004781725954984245 0.0
-164.0 0.7071861251348235 0.04030633223590864 0.0
-160.79999999999998 0.7716719058500964 0.08282866711623207 0.0
-157.6 0.7244554171657268 0.13182819806350737 0.0
-154.4 0.6928211351961052 0.1867053118873091 0.0
-151.20000000000002 0.6699468517907584 0.24678875372234307 0.0
-148.0 0.651638501512009 0.3113439539209479 0.0
-144.79999999999998 0.6351646639264169 0.3795821391911647 0.0
-141.6 0.6186753376885911 0.4506701145569456 0.0
-138.4 0.6008899380410848 0.5237405943707328 0.0
-135.2 0.5809194802944206 0.597902953779597 0.0
-132.0 0.5581599226786443 0.6722542668194199 0.0
-128.8 0.5322251529354105 0.7458904937523724 0.0
-125.60000000000001 0.5029029376896381 0.8179176784154487 0.0
-122.39999999999999 0.4701245766380819 0.887463016235135 0.0
-119.19999999999999 0.43394291574979593 0.9536856551866937 0.0
-116.00000000000001 0.39451553030389624 1.0157870953158354 0.0
-112.79999999999998 0.35209112550578536 1.0730210574540413 0.0
-109.60000000000001 0.30699793749037313 1.1247026983839505 0.0
-106.4 0.25963336873016984 1.1702170578655195 0.0
-103.2 0.2104543772845717 1.2090266325152816 0.0
-100.0 0.1599683250801566 1.2406779824207095 0.0
-96.8 0.10872411468271724 1.26480728843352 0.0
-93.60000000000001 0.05730352950062156 1.2811447911694729 0.0
-90.4 0.006312752927755696 1.289518056684693 0.0
-87.19999999999999 -0.06355920693332993 1.2839893175505648 0.0
-84.0 -0.13694596716894936 1.2696305647638237 0.0
-80.8 -0.21029445710027705 1.247427674809178 0.0
-77.6 -0.28276371765864794 1.2176263350323433 0.0
-74.4 -0.3535567093992428 1.180567220793959 0.0
-71.2 -0.42193261925051384 1.1366818452026524 0.0
-68.0 -0.487219442094537 1.0864872754602 0.0
-64.8 -0.5488269343106642 1.030579781379496 0.0
-61.599999999999994 -0.6062601481247833 0.9696274949501885 0.0
-58.4 -0.6591339168554602 0.9043621721588014 0.0
-55.2 -0.7071889005241395 0.8355701594661447 0.0
-51.99999999999999 -0.7503101665636374 0.7640826772653784 0.0
-48.8 -0.7885498536366643 0.6907655411654289 0.0
-45.6 -0.8221563933383648 0.6165084489604078 0.0
-42.400000000000006 -0.8516143110663255 0.5422139665687611 0.0
-39.199999999999996 -0.8777012990162771 0.46878634998843705 0.0
-36.0 -0.9015740508107053 0.3971203423694881 0.0
-32.800000000000004 -0.9249033414015881 0.3280900856275685 0.0
-29.599999999999994 -0.9500965653456637 0.26253828460669903 0.0
-26.4 -0.9806829996083702 0.2012657586650355 0.0
-23.2 -1.0220200872247869 0.1450215107422393 0.0
-20.0 -0.8174838067870097 0.13786035696095217 0.0
-19.000000000000004 -1.1101623744939977 0.07959778827489505 0.0
-18.0 -1.1365491296809667 0.06609398971284318 0.0
-17.000000000000004 -1.1219185058107728 0.05817106085451488 0.0
-16.0 -1.1113965308498197 0.05042681723051727 0.0
-15.0 -1.0996409470095307 0.04357444554149008 0.0
-14.0 -1.085883022335049 0.03776965058549158 0.0
-13.000000000000002 -1.070871169503092 0.0329891900568774 0.0
-12.0 -1.0576538029363998 0.029184127723528575 0.0
-11.0 -1.0517447003433755 0.026326817860570978 0.0
-10.0 -1.0594226949087415 0.0243542658047116 0.0
-9.0 -1.0423383439539722 0.02296705365442111 0.0
-8.0 -0.9168462432063256 0.021627499428333672 0.0
-7.0 -0.8026473335346602 0.020162326121650923 0.0
-6.0 -0.6719046512670509 0.018439804586415053 0.0
-5.0 -0.5335439716977709 0.01653862684565726 0.0
-4.0 -0.4041483632560948 0.015108238840355125 0.0
-3.0 -0.26626071604518836 0.013969580753685195 0.0
-2.0 -0.17174403782736475 0.013433929935244122 0.0
-1.0 -0.08441811609295934 0.01316536624004371 0.0
0.0 7.881517264414991e-13 0.013089738058059417 0.0
1.0 0.08441861786553931 0.013165284440705787 0.0
2.0 0.17174496782237797 0.01343372258227103 0.0
3.0 0.26624939167701955 0.013969028182615667 0.0
4.0 0.40414903940622776 0.015107090847127707 0.0
5.0 0.5336605872372165 0.01653717749945193 0.0
6.0 0.6721150369825903 0.01843742873629169 0.0
7.0 0.8030267338449437 0.02015988308271752 0.0
8.0 0.9171137297016215 0.02162295996661538 0.0
9.0 1.0431114828396693 0.02295723390527639 0.0
10.0 1.059555497667829 0.024335068563756723 0.0
11.0 1.0520086040739296 0.026301607415034105 0.0
12.0 1.0581728260456036 0.02915216143530015 0.0
13.000000000000002 1.0717066493799379 0.032946702745882024 0.0
14.0 1.0870395437974267 0.037714581856376696 0.0
15.0 1.1011355222982069 0.043504984867931626 0.0
16.0 1.113219322827925 0.050345279735054316 0.0
17.000000000000004 1.1239030576798048 0.05809626979936843 0.0
18.0 1.1384738522589988 0.06605321940959054 0.0
19.000000000000004 1.1138521786381494 0.07937230788723658 0.0
20.0 1.079299783833223 0.09521897592416106 0.0
23.2 1.0234302349032325 0.14498210884984952 0.0
26.4 0.9818695073759823 0.20122736090479074 0.0
29.599999999999994 0.9511030244266825 0.26250101072092547 0.0
32.800000000000004 0.925761004447561 0.32805405185382175 0.0
36.0 0.9023062587906643 0.3970856610780695 0.0
39.199999999999996 0.8783261001773537 0.46875312933197016 0.0
42.400000000000006 0.8521460906110356 0.5421823101449208 0.0
45.6 0.8226069303412898 0.616478455488854 0.0
48.8 0.7889290305526219 0.6907373041799519 0.0
51.99999999999999 0.7506264596267315 0.7640562848222165 0.0
55.2 0.7074497272978317 0.8355456938693834 0.0
58.4 0.6593458879702834 0.9043397097037102 0.0
61.599999999999994 0.6064292531662443 0.9696071056852964 0.0
64.8 0.548958681496494 1.0305615288881471 0.0
68.0 0.48731896494987215 1.0864712166622714 0.0
71.2 0.42200475937872256 1.1366680301770493 0.0
74.4 0.3536060817589217 1.1805556926224474 0.0
77.6 0.2827947629678293 1.2176171296651987 0.0
80.8 0.21031148478021275 1.247420820953077 0.0
84.0 0.1369531914167788 1.2696260837923221 0.0
87.19999999999999 0.06356077795325961 1.283987223437445 0.0
90.4 -0.006312775362139198 1.2895177574089987 0.0
93.60000000000001 -0.057305347869016525 1.2811420994382468 0.0
96.8 -0.10873061349880461 1.26480221264085 0.0
100.0 -0.15998241877600577 1.240670538395311 0.0
103.2 -0.21047903030190887 1.2090168434711366 0.0
106.4 -0.25967161811242084 1.1702049543294846 0.0
109.60000000000001 -0.30705291919003597 1.1246883181005594 0.0
112.79999999999998 -0.352166105911898 1.0730044452678 0.0
116.00000000000001 -0.3946139449261759 1.0157683030313753 0.0
119.19999999999999 -0.43406841763005016 0.953664741407221 0.0
122.39999999999999 -0.47028109799180334 0.8874400461796779 0.0
125.60000000000001 -0.5030947696652429 0.8178927237154735 0.0
128.8 -0.5324570504665976 0.7458636322284031 0.0
132.0 -0.5584372446163651 0.6722255822383573 0.0
135.2 -0.5812483800588036 0.5978725355934933 0.0
138.4 -0.6012776282044742 0.5237085374378387 0.0
141.6 -0.6191304655248996 0.45063651884589706 0.0
144.79999999999998 -0.6356978584998024 0.3795471094692337 0.0
148.0 -0.6522631952508116 0.3113075994273287 0.0
151.20000000000002 -0.6706805595348989 0.24675118782749292 0.0
154.4 -0.6936875337949644 0.1866666517394055 0.0
157.6 -0.7254879117551692 0.13178856422312504 0.0
160.79999999999998 -0.7729201693953798 0.08278818318037809 0.0
164.0 -0.708383730294488 0.040265124452588646 0.0
167.2 -0.5667069842355901 0.004739922829501725 0.0
170.4 -0.42503023817669233 0.0001 0.0
173.6 -0.28335349211779565 0.0001 0.0
176.8 -0.14167674605889782 0.0001 0.0
180.0 0.0 0.0001 0.0

Reynolds Number: 233000.0
BV Dyn. Stall Model - Positive Stall AOA (deg): 19
BV Dyn. Stall Model - Negative Stall AOA (deg): -19
LB Dyn. Stall Model - Lift Coeff. Slope at Zero Lift AOA (per radian): 0.0
LB Dyn. Stall Model - Positive Critical Lift Coeff.: 0.0
LB Dyn. Stall Model - Negative Critical Lift Coeff.: 0.0
AOA (deg) CL CD Cm25
-180.0 0.0 0.0001 0.0
-176.8 0.13368569848990502 0.0001 0.0
-173.6 0.26737139697981005 0.0001 0.0
-170.4 0.401057095469714 0.0001 0.0
-167.2 0.534742793959619 0.0010626158619791437 0.0
-164.0 0.6684284924495241 0.03664018811183309 0.0
-160.79999999999998 0.7898296944175831 0.07922692172755064 0.0
-157.6 0.7394745359431767 0.12830208335105486 0.0
-154.4 0.7054241489047859 0.18326582393980173 0.0
-151.20000000000002 0.6806196861763899 0.24344661848538768 0.0
-148.0 0.660725570401803 0.3081095937484847 0.0
-144.79999999999998 0.6429207458575513 0.3764656403436522 0.0
-141.6 0.6252958266503128 0.44768119574764365 0.0
-138.4 0.6065294490587044 0.5208885764581705 0.0
-135.2 0.5857038004038461 0.5951967307007402 0.0
-132.0 0.5621939691180263 0.6697022778541808 0.0
-128.8 0.5355984360506066 0.7435006972059546 0.0
-125.60000000000001 0.5056934096750423 0.815697526800598 0.0
-122.39999999999999 0.4724014048430795 0.8854194330316901 0.0
-119.19999999999999 0.435768521099796 0.9518250132509104 0.0
-116.00000000000001 0.3959471125287037 1.0141151970068154 0.0
-112.79999999999998 0.35318182335244014 1.0715431165392395 0.0
-109.60000000000001 0.30779772538879535 1.1234233237801894 0.0
-106.4 0.26018976100676444 1.169140239266213 0.0
-103.2 0.21081299087867225 1.2081557279486885 0.0
-100.0 0.1601733381563864 1.2400157077780185 0.0
-96.8 0.10881864930955906 1.2643557089994197 0.0
-93.60000000000001 0.05732998028417478 1.2809053151816199 0.0
-90.4 0.006313079268129743 1.289491430942163 0.0
-87.19999999999999 -0.06358205967770925 1.2838030100161488 0.0
-84.0 -0.1370510542438238 1.2692319049472238 0.0
-80.8 -0.21054214919481565 1.2468179059197244 0.0
-77.6 -0.28321531633126645 1.2168073586170223 0.0
-74.4 -0.3542749013800269 1.1795415908074924 0.0
-71.2 -0.422982001170057 1.135452760043062 0.0
-68.0 -0.48866714516304055 1.0850585679946945 0.0
-64.8 -0.550743386612503 1.0289559069917824 0.0
-61.599999999999994 -0.6087200241663019 0.9678135176464856 0.0
-58.4 -0.6622173415856923 0.9023637487758792 0.0
-55.2 -0.7109830010787358 0.8333935220306395 0.0
-51.99999999999999 -0.7549111040713673 0.761734613559395 0.0
-48.8 -0.7940655272263044 0.6882533735590338 0.0
-45.6 -0.8287101020258076 0.6138400115770266 0.0
-42.400000000000006 -0.8593498093702272 0.5393975808546865 0.0
-39.199999999999996 -0.8867899305175455 0.4658307987626345 0.0
-36.0 -0.9122250689693002 0.39403484243462406 0.0
-32.800000000000004 -0.9373792839297246 0.3248842590276729 0.0
-29.599999999999994 -0.964736960207806 0.2592221286210936 0.0
-26.4 -0.9979424615700587 0.19784961463210213 0.0
-23.2 -1.042532713337196 0.1415160318102493 0.0
-20.0 -1.1007493659413297 0.09188108270790607 0.0
-19.000000000000004 -1.1339411925483 0.0763693450459278 0.0
-18.0 -1.1200377013897336 0.0677771660874178 0.0
-17.000000000000004 -1.115654207310039 0.05851187668022726 0.0
-16.0 -1.108760008737239 0.0502373370090074 0.0
-15.0 -1.0971517416460694 0.04321411217759909 0.0
-14.0 -1.0835549689210373 0.03726312207530556 0.0
-13.000000000000002 -1.0682281101804645 0.03238413510341492 0.0
-12.0 -1.0550117686782787 0.02848348619081968 0.0
-11.0 -1.049726887011776 0.025555478479860623 0.0
-10.0 -1.0584198980793496 0.023552149538944578 0.0
-9.0 -1.009593075274882 0.022220627803868718 0.0
-8.0 -0.8907310727574042 0.020607002177628033 0.0
-7.0 -0.7695569764278428 0.01902192071875682 0.0
-6.0 -0.6421884171983728 0.017328701463653617 0.0
-5.0 -0.5028841147977775 0.015462070708122362 0.0
-4.0 -0.37475949377226464 0.014122711717181555 0.0
-3.0 -0.2584273503912264 0.013239474065743337 0.0
-2.0 -0.16511369234742715 0.012776721148161571 0.0
-1.0 -0.0805411672189808 0.012575322998422726 0.0
0.0 4.197665944448964e-13 0.012528316838046848 0.0
1.0 0.08054264673287412 0.012575253983070182 0.0
2.0 0.16511806656867226 0.01277655198324622 0.0
3.0 0.25843520441587875 0.013239101168481425 0.0
4.0 0.37478397686755455 0.014121925392513501 0.0
5.0 0.5030034352406383 0.015460967172414552 0.0
6.0 0.6424098767258117 0.017326290788437525 0.0
7.0 0.7699087686579426 0.019017615806252313 0.0
8.0 0.8911707601461497 0.020599466141401113 0.0
9.0 1.0103955867315224 0.022204838994344486 0.0
10.0 1.058568762391498 0.0235317476829148 0.0
11.0 1.0499954991389522 0.025528528188841482 0.0
12.0 1.0555683197283448 0.028448717420925813 0.0
13.000000000000002 1.0690900408739037 0.0323389505444829 0.0
14.0 1.0847792282299387 0.03720212583446112 0.0
15.0 1.0987468242184704 0.04313421802364748 0.0
16.0 1.110740012253748 0.050138286877126334 0.0
17.000000000000004 1.1179846562612181 0.05839894061989492 0.0
18.0 1.1225785869682452 0.06766987682965321 0.0
19.000000000000004 1.1362019601139512 0.0763258008671611 0.0
20.0 1.1050366542214793 0.09160353539353427 0.0
23.2 1.0442982813161241 0.14147370266457604 0.0
26.4 0.9994280223756861 0.19780836421776038 0.0
29.599999999999994 0.9659970920030139 0.2591820855763305 0.0
32.800000000000004 0.9384531164323946 0.32484554822558764 0.0
36.0 0.9131418261168611 0.39399758459375506 0.0
39.199999999999996 0.8875722095228264 0.4657951100705017 0.0
42.400000000000006 0.8600156211503267 0.5393635726054641 0.0
45.6 0.8292741945090598 0.6138077898244751 0.0
48.8 0.7945402736882503 0.6882230387857746 0.0
51.99999999999999 0.755307117136305 0.7617062603635582 0.0
55.2 0.7113095678679571 0.8333672388308621 0.0
58.4 0.6624827389043633 0.902339617535574 0.0
61.599999999999994 0.6089317512434317 0.9677916136182413 0.0
64.8 0.5509083399831113 1.0289362984826895 0.0
68.0 0.48879175223025556 1.0850413161533325 0.0
71.2 0.42307232383789384 1.135437918668809 0.0
74.4 0.35433671778310694 1.1795292061827531 0.0
77.6 0.28325418644722977 1.2167974693628976 0.0
80.8 0.21056346861185932 1.2468105428755727 0.0
84.0 0.1370600993252961 1.2692270910744896 0.0
87.19999999999999 0.06358402666494363 1.2838007603267576 0.0
90.4 -0.00631310735698153 1.2894911094326187 0.0
93.60000000000001 -0.05733225696275328 1.2809024234757582 0.0
96.8 -0.1088267861180368 1.2643502561149438 0.0
100.0 -0.1601909840940966 1.2400077107195937 0.0
103.2 -0.21084385755927582 1.2081452116549147 0.0
106.4 -0.26023765094449813 1.169127236531854 0.0
109.60000000000001 -0.3078665649364793 1.1234078751539036 0.0
112.79999999999998 -0.3532757021752777 1.0715252701971296 0.0
116.00000000000001 -0.39607033203855446 1.0140950086021931 0.0
119.19999999999999 -0.4359256550684287 0.9518025457407432 0.0
122.39999999999999 -0.4725973765802055 0.885394756480271 0.0
125.60000000000001 -0.5059335918904508 0.8156707181610526 0.0
128.8 -0.5358887821340097 0.7434718400802649 0.0
132.0 -0.5625411885905526 0.6696714622324749 0.0
135.2 -0.586115597622781 0.5951640526806603 0.0
138.4 -0.6070148544872905 0.5208541379451953 0.0
141.6 -0.6258656670623404 0.4476451041372991 0.0
144.79999999999998 -0.6435883293168564 0.37642800818660144 0.0
148.0 -0.6615077149095911 0.30807053839954207 0.0
151.20000000000002 -0.6815383210958005 0.2434062617375511 0.0
154.4 -0.7065089187104704 0.18322429164444465 0.0
157.6 -0.7407672653596769 0.12825950502546235 0.0
160.79999999999998 -0.7913925762196116 0.07918343015102335 0.0
164.0 -0.6697611554355921 0.03659591891161883 0.0
167.2 -0.5358089243484734 0.0010177070903231375 0.0
170.4 -0.40185669326135487 0.0001 0.0
173.6 -0.26790446217423725 0.0001 0.0
176.8 -0.13395223108711862 0.0001 0.0
180.0 0.0 0.0001 0.0

Reynolds Number: 256000.0
BV Dyn. Stall Model - Positive Stall AOA (deg): 20
BV Dyn. Stall Model - Negative Stall AOA (deg): -20
LB Dyn. Stall Model - Lift Coeff. Slope at Zero Lift AOA (per radian): 0.0
LB Dyn. Stall Model - Positive Critical Lift Coeff.: 0.0
LB Dyn. Stall Model - Negative Critical Lift Coeff.: 0.0
AOA (deg) CL CD Cm25
-180.0 0.0 0.0001 0.0
-176.8 0.12671782316167118 0.0001 0.0
-173.6 0.25343564632334237 0.0001 0.0
-170.4 0.3801534694850125 0.0001 0.0
-167.2 0.5068712926466837 0.0001 0.0
-164.0 0.6335891158083549 0.03322868492737234 0.0
-160.79999999999998 0.7603069389700261 0.07587534430799081 0.0
-157.6 0.7540903770498367 0.12502088349551485 0.0
-154.4 0.7176887596692805 0.18006523397696322 0.0
-151.20000000000002 0.6910059447744841 0.2403366193642683 0.0
-148.0 0.6695686428207996 0.3050998839131318 0.0
-144.79999999999998 0.6504685695877892 0.3735656054888201 0.0
-141.6 0.6317385491659777 0.44489987954977056 0.0
-138.4 0.6120175338241398 0.5182346523729304 0.0
-135.2 0.5903596569530166 0.5926784749151172 0.0
-132.0 0.5661196975611237 0.6673275434774145 0.0
-128.8 0.5388811432952897 0.7412768897798421 0.0
-125.60000000000001 0.5084089548249007 0.8136315812055218 0.0
-122.39999999999999 0.4746170980381671 0.8835177918603899 0.0
-119.19999999999999 0.43754510720411083 0.9500936067174407 0.0
-116.00000000000001 0.3973402554047238 1.0125594244533414 0.0
-112.79999999999998 0.3542432349211413 1.0701678295983414 0.0
-109.60000000000001 0.3085760382189675 1.1222328112451838 0.0
-106.4 0.2607312136198091 1.1681382137166725 0.0
-103.2 0.2111619753555732 1.2073453141728683 0.0
-100.0 0.16037284643589086 1.2393994330282916 0.0
-96.8 0.10891064559146292 1.2639354951111132 0.0
-93.60000000000001 0.05735572083894959 1.2806824725798254 0.0
-90.4 0.0063133968459533445 1.2894666545552138 0.0
-87.19999999999999 -0.06360429880409532 1.283629642923793 0.0
-84.0 -0.13715331963046115 1.2688609350159228 0.0
-80.8 -0.21078319052026198 1.246250490008687 0.0
-77.6 -0.2836547891485986 1.216045266196673 0.0
-74.4 -0.35497380922081034 1.178587198441428 0.0
-71.2 -0.42400320618371423 1.1343090439768058 0.0
-68.0 -0.49007597602272057 1.0837290948743585 0.0
-64.8 -0.5526083803413112 1.0274448227415836 0.0
-61.599999999999994 -0.6111138501888309 0.9661255345397979 0.0
-58.4 -0.6652179734196374 0.9005041307401428 0.0
-55.2 -0.7146752264130163 0.8313680682319528 0.0
-51.99999999999999 -0.7593885020166862 0.7595496403179791 0.0
-48.8 -0.7994330997168702 0.6859156946519677 0.0
-45.6 -0.8350878373812815 0.6113569169896762 0.0
-42.400000000000006 -0.8668776021632649 0.5367768140470919 0.0
-39.199999999999996 -0.8956345235904075 0.4630805325217499 0.0
-36.0 -0.9225900971268715 0.39116365338771325 0.0
-32.800000000000004 -0.9495202354961271 0.32190110089634033 0.0
-29.599999999999994 -0.9789842464976719 0.25613630429935774 0.0
-26.4 -1.0147384905086696 0.19467074717558405 0.0
-23.2 -1.0624945558648309 0.13825403442694686 0.0
-20.0 -1.1314091353720626 0.08757460057318316 0.0
-19.000000000000004 -1.1190350770166246 0.07840877290342911 0.0
-18.0 -1.1186131673220419 0.06797739585141642 0.0
-17.000000000000004 -1.1162537238467938 0.05833843686669003 0.0
-16.0 -1.1102045039365993 0.04984978165530831 0.0
-15.0 -1.1001007187916207 0.04264038766419465 0.0
-14.0 -1.0849397468840882 0.036772445270544 0.0
-13.000000000000002 -1.0691840531319414 0.03188388776409787 0.0
-12.0 -1.0548826217108256 0.02793777060429459 0.0
-11.0 -1.050179237520289 0.024941668639690027 0.0
-10.0 -1.0600016779397188 0.02291229530194649 0.0
-9.0 -0.9844760046562675 0.021382394062259023 0.0
-8.0 -0.8662350772571592 0.019674965134481557 0.0
-7.0 -0.7428029702637985 0.01801297949791621 0.0
-6.0 -0.6150102376532509 0.016264737098163732 0.0
-5.0 -0.47347311977062567 0.014524646976082637 0.0
-4.0 -0.3484257915168237 0.013310588901604877 0.0
-3.0 -0.23944707565870857 0.012553682113978566 0.0
-2.0 -0.15092239736598242 0.012173077221581535 0.0
-1.0 -0.07553047864637165 0.012008991394408886 0.0
0.0 2.3360928707220464e-14 0.011961141549286248 0.0
1.0 0.07553157393248094 0.012008924210397339 0.0
2.0 0.1509263170539268 0.012172925219963444 0.0
3.0 0.23946404003644392 0.012553393554603913 0.0
4.0 0.34846297842912116 0.01330996589389325 0.0
5.0 0.4736010285941411 0.014523510052294627 0.0
6.0 0.6152341497807016 0.016262660543313445 0.0
7.0 0.7431545275159689 0.018008955528539507 0.0
8.0 0.8667213979437501 0.019667469817953497 0.0
9.0 0.985118334747579 0.021371413758678577 0.0
10.0 1.0601507458107622 0.022891275690537553 0.0
11.0 1.0504546828941923 0.02491371138492783 0.0
12.0 1.0554389873900172 0.02790304337946173 0.0
13.000000000000002 1.0700411565255146 0.03183726526745882 0.0
14.0 1.0861296183225548 0.03671244214936202 0.0
15.0 1.1015723715936119 0.042570208358756106 0.0
16.0 1.1123217930133775 0.049734747829825454 0.0
17.000000000000004 1.11865798355207 0.058215996986568215 0.0
18.0 1.1214116052910812 0.06783814826924921 0.0
19.000000000000004 1.1219152450759589 0.07828959380490041 0.0
20.0 1.1338594114859948 0.08755529857733907 0.0
23.2 1.0645298248804551 0.13823515469318498 0.0
26.4 1.0164509795856151 0.19465234857981856 0.0
29.599999999999994 0.9804368709386446 0.25611844421708774 0.0
32.800000000000004 0.9507581023167417 0.32188383502372575 0.0
36.0 0.9236468943952585 0.39114703556788816 0.0
39.199999999999996 0.8965363003784008 0.463064614576914 0.0
42.400000000000006 0.8676451206629474 0.5367616456169046 0.0
45.6 0.8357380983549805 0.6113425453764569 0.0
48.8 0.7999803665317466 0.6859021646731848 0.0
51.99999999999999 0.7598450084386816 0.7595369941664873 0.0
55.2 0.7150516782265781 0.831356345344417 0.0
58.4 0.6655239117612743 0.9004933676740554 0.0
61.599999999999994 0.6113579198395009 0.966115764859475 0.0
64.8 0.5527985313228813 1.0274360769134963 0.0
68.0 0.49021961756247284 1.0837214001721238 0.0
71.2 0.4241073261776486 1.134302424396134 0.0
74.4 0.35504506844806627 1.1785816746252937 0.0
77.6 0.2836995969065541 1.2160408553709403 0.0
80.8 0.21080776660538472 1.2462472059283909 0.0
84.0 0.13716374640206333 1.2688587879223745 0.0
87.19999999999999 0.06360656626035871 1.2836286395126426 0.0
90.4 -0.006313429225544734 1.2894665111548569 0.0
93.60000000000001 -0.05735834529375659 1.2806811828151512 0.0
96.8 -0.10892002534595463 1.263933063004216 0.0
100.0 -0.1603931878958074 1.239395866163628 0.0
103.2 -0.21119755710569407 1.2073406236736044 0.0
106.4 -0.26078641903109484 1.1681324142099976 0.0
109.60000000000001 -0.30865539341804393 1.1222259208166947 0.0
112.79999999999998 -0.3543514542939578 1.070159869735644 0.0
116.00000000000001 -0.39748229742945046 1.0125504199790416 0.0
119.19999999999999 -0.43772624432342705 0.9500835857117365 0.0
122.39999999999999 -0.4748430056267 0.883506785573503 0.0
125.60000000000001 -0.5086858263058968 0.8136196239602458 0.0
128.8 -0.5392158414742387 0.7412640188645073 0.0
132.0 -0.5665199568785153 0.6673137990296053 0.0
135.2 -0.5908343586526518 0.5926638997965041 0.0
138.4 -0.6125770878263691 0.5182192920356076 0.0
141.6 -0.632395436098847 0.4448837818945142 0.0
144.79999999999998 -0.6512381304012401 0.37354882071571155 0.0
148.0 -0.6704702645660062 0.3050824643650099 0.0
151.20000000000002 -0.6920649066555679 0.24031861936349974 0.0
154.4 -0.718939234531163 0.18004670965603986 0.0
157.6 -0.7555805785931307 0.1250018926220061 0.0
160.79999999999998 -0.7619535245185884 0.07585594610439703 0.0
164.0 -0.6349612704321569 0.03320893988644122 0.0
167.2 -0.5079690163457253 0.0001 0.0
170.4 -0.3809767622592938 0.0001 0.0
173.6 -0.25398450817286317 0.0001 0.0
176.8 -0.12699225408643158 0.0001 0.0
180.0 0.0 0.0001 0.0

Reynolds Number: 278000.0
BV Dyn. Stall Model - Positive Stall AOA (deg): 17
BV Dyn. Stall Model - Negative Stall AOA (deg): -17
LB Dyn. Stall Model - Lift Coeff. Slope at Zero Lift AOA (per radian): 0.0
LB Dyn. Stall Model - Positive Critical Lift Coeff.: 0.0
LB Dyn. Stall Model - Negative Critical Lift Coeff.: 0.0
AOA (deg) CL CD Cm25
-180.0 0.0 0.0001 0.0
-176.8 0.14778963882543342 0.0001 0.0
-173.6 0.29557927765086683 0.0001 0.0
-170.4 0.44336891647629906 0.0001 0.0
-167.2 0.5911585553017324 0.009654608607418208 0.0
-164.0 0.738948194127166 0.04510981738606064 0.0
-160.79999999999998 0.7422553456303452 0.08754777523190724 0.0
-157.6 0.7001236649635031 0.13644821273989954 0.0
-154.4 0.6724035986478716 0.1912118257396919 0.0
-151.20000000000002 0.6526563059595036 0.2511677133150904 0.0
-148.0 0.6369169781159111 0.3155817035927745 0.0
-144.79999999999998 0.6225994085073138 0.38366546363991827 0.0
-141.6 0.6079498018391755 0.454586280051152 0.0
-138.4 0.5917536373928434 0.5274773884593763 0.0
-135.2 0.5731686333184025 0.6014487233763024 0.0
-132.0 0.5516245580018115 0.6755979545422721 0.0
-128.8 0.526760259150155 0.7490216724060478 0.0
-125.60000000000001 0.498382228193816 0.8208265835081284 0.0
-122.39999999999999 0.4664359967345649 0.8901405764287956 0.0
-119.19999999999999 0.4309853402985683 0.9561235205858175 0.0
-116.00000000000001 0.392196292772902 1.0179776635063227 0.0
-112.79999999999998 0.3503241383658908 1.0749574972111233 0.0
-109.60000000000001 0.3057022395704682 1.12637897097517 0.0
-106.4 0.25873198435456607 1.1716279358823465 0.0
-103.2 0.20987340464314722 1.2101677161746385 0.0
-100.0 0.1596361932525204 1.2415457132855703 0.0
-96.8 0.1085709636790579 1.265398960509795 0.0
-93.60000000000001 0.05726067785795808 1.2814585593445742 0.0
-90.4 0.006312224239406362 1.2895529424814665 0.0
-87.19999999999999 -0.06352218430093602 1.284233422922487 0.0
-84.0 -0.13677572065160104 1.270152900068763 0.0
-80.8 -0.20989318304711407 1.2482266111593014 0.0
-77.6 -0.2820321043623002 1.2186993809673041 0.0
-74.4 -0.352393201102318 1.1819110300504445 0.0
-71.2 -0.4202325660576358 1.1382922271496123 0.0
-68.0 -0.4848740879597715 1.0883592081672095 0.0
-64.8 -0.545722182080744 1.0327074272775036 0.0
-61.599999999999994 -0.6022750212223794 0.9720042190358099 0.0
-58.4 -0.6541386087031031 0.9069805626853888 0.0
-55.2 -0.7010422606384918 0.8384220510571088 0.0
-51.99999999999999 -0.7428564089234697 0.7671591763776838 0.0
-48.8 -0.7796141760513075 0.6940570538238556 0.0
-45.6 -0.8115390450004687 0.6200047106760908 0.0
-42.400000000000006 -0.8390824021920276 0.5459040743487079 0.0
-39.199999999999996 -0.862977244108461 0.472658796336202 0.0
-36.0 -0.8843188483999337 0.40116305117097356 0.0
-32.800000000000004 -0.904691666763288 0.33229044981004424 0.0
-29.599999999999994 -0.926378365549335 0.266883205453601 0.0
-26.4 -0.9527217751305377 0.20574168666394185 0.0
-23.2 -0.9887885679206465 0.14961448783864045 0.0
-20.0 -1.115311213582381 0.09014895505222965 0.0
-19.000000000000004 -1.118588230785365 0.07868695025282126 0.0
-18.0 -1.1205894191434598 0.06784212742139839 0.0
-17.000000000000004 -1.1216177946573058 0.05764439030877012 0.0
-16.0 -1.111004812917086 0.04968413336996369 0.0
-15.0 -1.0992499357400374 0.04254956537462843 0.0
-14.0 -1.0858876324733608 0.036417427787102684 0.0
-13.000000000000002 -1.0712250292596883 0.031363807878932524 0.0
-12.0 -1.0576507761360312 0.027406934278056457 0.0
-11.0 -1.0521408716529579 0.02449846777920119 0.0
-10.0 -1.061624870363918 0.02252304547640173 0.0
-9.0 -0.9671610574099008 0.020636902139788672 0.0
-8.0 -0.8466654115274277 0.018912305011374992 0.0
-7.0 -0.7222418777465858 0.017198216877669592 0.0
-6.0 -0.5946618689222024 0.015416292607644893 0.0
-5.0 -0.4461702386539396 0.01372896703569571 0.0
-4.0 -0.3219466757187023 0.012607876342001396 0.0
-3.0 -0.22440404080058723 0.012004086934705097 0.0
-2.0 -0.148432153990469 0.011713825220793107 0.0
-1.0 -0.0733944338321971 0.011582818651516577 0.0
0.0 8.088254934020339e-14 0.011548030280315053 0.0
1.0 0.07339595181923715 0.011582752494752702 0.0
2.0 0.14843839118797456 0.011713679029906042 0.0
3.0 0.2244164677086889 0.012003802133047756 0.0
4.0 0.3220027523419943 0.012607442615188976 0.0
5.0 0.44629903346862776 0.01372796532008019 0.0
6.0 0.5948778389709335 0.015414400021976837 0.0
7.0 0.722599077064622 0.017194444642678816 0.0
8.0 0.8471673081972089 0.018905224309325893 0.0
9.0 0.9678521311009654 0.020625025038582514 0.0
10.0 1.0617808585394464 0.02250116479618093 0.0
11.0 1.0524318394665326 0.024468668209573677 0.0
12.0 1.058230857890687 0.027368726125361814 0.0
13.000000000000002 1.0721588094021473 0.031312267321267184 0.0
14.0 1.087147761638052 0.03635113249201231 0.0
15.0 1.1008506677820757 0.042466826548688344 0.0
16.0 1.1129242118110347 0.04959060180263495 0.0
17.000000000000004 1.1237235030244335 0.057558913435687135 0.0
18.0 1.1235613878097166 0.0676750403366118 0.0
19.000000000000004 1.1217297119391498 0.07853328611776438 0.0
20.0 1.1183837619718067 0.09004692616079657 0.0
23.2 0.9902322370651613 0.1495323332595173 0.0
26.4 0.9539364880857911 0.20566162574196953 0.0
29.599999999999994 0.9274087497726987 0.26680548785649383 0.0
32.800000000000004 0.9055697178318305 0.3322153178979244 0.0
36.0 0.8850684621348581 0.401090739240578 0.0
39.199999999999996 0.8636168977926038 0.47258952989023456 0.0
42.400000000000006 0.8396268229871804 0.5458380693926157 0.0
45.6 0.812000291988658 0.6199421730444572 0.0
48.8 0.7800023666091103 0.6939981785385111 0.0
51.99999999999999 0.7431802207786339 0.7671041470395358 0.0
55.2 0.701309287681828 0.8383710392735874 0.0
58.4 0.6543556187104067 0.9069337275352941 0.0
61.599999999999994 0.6024481461611859 0.9719617065732289 0.0
64.8 0.5458570611079313 1.0326693700763452 0.0
68.0 0.48497597663258035 1.088325724907776 0.0
71.2 0.4203064210720915 1.1382634222484984 0.0
74.4 0.3524437471219653 1.1818869933349176 0.0
77.6 0.2820638876681427 1.2186801873951794 0.0
80.8 0.2099106155022403 1.2482123205851894 0.0
84.0 0.13678311663135773 1.2701435570574138 0.0
87.19999999999999 0.06352379266652251 1.2842290566098162 0.0
90.4 -0.006312247207091047 1.2895523184792363 0.0
93.60000000000001 -0.05726253945187857 1.2814529469733764 0.0
96.8 -0.10857761698239957 1.26538837727165 0.0
100.0 -0.159650621978065 1.241530192184006 0.0
103.2 -0.20989864370214284 1.2101473056117702 0.0
106.4 -0.25877114298581905 1.1716026995079354 0.0
109.60000000000001 -0.3057585282730839 1.1263489874881338 0.0
112.79999999999998 -0.3504009011761997 1.074922860114116 0.0
116.00000000000001 -0.3922970468681829 1.017938480814149 0.0
119.19999999999999 -0.4311138255592762 0.9560799144885912 0.0
122.39999999999999 -0.46659623885124485 0.8900926829108943 0.0
125.60000000000001 -0.4985786203223463 0.8207745519241292 0.0
128.8 -0.526997669256615 0.7489656650149694 0.0
132.0 -0.5519084723256119 0.6755381460015751 0.0
135.2 -0.5735053515563117 0.6013853001972247 0.0
138.4 -0.5921505435715877 0.5274105484253028 0.0
141.6 -0.6084157487922014 0.4545162316008331 0.0
144.79999999999998 -0.6231452779686371 0.38359242521745945 0.0
148.0 -0.6375565218241805 0.31550590296642456 0.0
151.20000000000002 -0.653407455110403 0.25108938686695265 0.0
154.4 -0.6732905929273661 0.19113121772857308 0.0
157.6 -0.7011807036009737 0.13636557453959605 0.0
160.79999999999998 -0.7435332823968933 0.08746336454730275 0.0
164.0 -0.740335484345509 0.04502389744948089 0.0
167.2 -0.5922683874764068 0.009567447357748386 0.0
170.4 -0.44420129060730484 0.0001 0.0
173.6 -0.296134193738204 0.0001 0.0
176.8 -0.148067096869102 0.0001 0.0
180.0 0.0 0.0001 0.0

Reynolds Number: 300000.0
BV Dyn. Stall Model - Positive Stall AOA (deg): 18
BV Dyn. Stall Model - Negative Stall AOA (deg): -18
LB Dyn. Stall Model - Lift Coeff. Slope at Zero Lift AOA (per radian): 0.0
LB Dyn. Stall Model - Positive Critical Lift Coeff.: 0.0
LB Dyn. Stall Model - Negative Critical Lift Coeff.: 0.0
AOA (deg) CL CD Cm25
-180.0 0.0 0.0001 0.0
-176.8 0.14022679565922788 0.0001 0.0
-173.6 0.28045359131845576 0.0001 0.0
-170.4 0.42068038697768245 0.0001 0.0
-167.2 0.5609071826369103 0.005785996872359971 0.0
-164.0 0.7011339782961383 0.0412963007581209 0.0
-160.79999999999998 0.7653637547800484 0.08380124605452377 0.0
-157.6 0.7192376633718095 0.13278035445804565 0.0
-154.4 0.6884427543092057 0.18763407646538452 0.0
-151.20000000000002 0.666239029585431 0.24769123015796235 0.0
-148.0 0.6484815860579214 0.31221732786694434 0.0
-144.79999999999998 0.6324701432610054 0.3804236870556601 0.0
-141.6 0.6163753304838092 0.45147721199679414 0.0
-138.4 0.5989307298848644 0.5245107244754608 0.0
-135.2 0.5792573718330541 0.5986337149203168 0.0
-132.0 0.5567584648816978 0.6729433801382415 0.0
-128.8 0.5310532492416532 0.7465358102689569 0.0
-125.60000000000001 0.5019335069257959 0.818517185728543 0.0
-122.39999999999999 0.46933358955150517 0.8880148447981876 0.0
-119.19999999999999 0.43330868684580315 0.9541880841379826 0.0
-116.00000000000001 0.3940181879700698 1.0162385578449271 0.0
-112.79999999999998 0.3517122089453847 1.073420145687844 0.0
-109.60000000000001 0.3067200852140074 1.125048167777127 0.0
-106.4 0.2594400739067434 1.1705078310815658 0.0
-103.2 0.21032979224939788 1.209261802786171 0.0
-100.0 0.15989710200960555 1.2408568163746225 0.0
-96.8 0.10869127264882898 1.264929228381844 0.0
-93.60000000000001 0.05729434030128956 1.2812094568459373 0.0
-90.4 0.006312639554677687 1.2895252464312206 0.0
-87.19999999999999 -0.06355126771962151 1.2840396261549951 0.0
-84.0 -0.13690945913597202 1.2697382148332559 0.0
-80.8 -0.2102084070206983 1.2475923306399237 0.0
-77.6 -0.2826068289142216 1.217847483149865 0.0
-74.4 -0.3533072041527617 1.1808441715541245 0.0
-71.2 -0.4215680561511005 1.1370137349423717 0.0
-68.0 -0.48671649925946925 1.0868730691907336 0.0
-64.8 -0.5481611444985618 1.0310182760140374 0.0
-61.599999999999994 -0.6054055688556274 0.9701173230556578 0.0
-58.4 -0.6580627121248217 0.904901806220145 0.0
-55.2 -0.7058708017157747 0.8361579166498484 0.0
-51.99999999999999 -0.7487117665847665 0.7647167246673361 0.0
-48.8 -0.7866336675258278 0.6914439015268016 0.0
-45.6 -0.8198795860985502 0.6172290068336496 0.0
-42.400000000000006 -0.8489269413064149 0.5429744749145821 0.0
-39.199999999999996 -0.8745438406993179 0.4695844371831319 0.0
-36.0 -0.8978738077252366 0.397953519600777 0.0
-32.800000000000004 -0.9205691059898131 0.3289557546558879 0.0
-29.599999999999994 -0.9450103830623807 0.26343374586773793 0.0
-26.4 -0.9746869338959943 0.20218821968825018 0.0
-23.2 -1.0148938480421041 0.1459680948590935 0.0
-20.0 -1.1133433949300513 0.09076992655018053 0.0
-19.000000000000004 -1.1203555092050974 0.07869326415717665 0.0
-18.0 -1.126822465118794 0.06707344829103817 0.0
-17.000000000000004 -1.1180320073771115 0.05822661000078451 0.0
-16.0 -1.111603564153879 0.04967917062747595 0.0
-15.0 -1.1023708693133367 0.042213752678641726 0.0
-14.0 -1.0900402096874193 0.03593296613771005 0.0
-13.000000000000002 -1.0758909872637232 0.030808390414874088 0.0
-12.0 -1.063076675075143 0.02680870108312282 0.0
-11.0 -1.0588218880636633 0.023894061103964345 0.0
-10.0 -1.0698527627336352 0.021928840142507247 0.0
-9.0 -0.9514433576286896 0.020006783708922345 0.0
-8.0 -0.8297730411008152 0.018252475164112613 0.0
-7.0 -0.7051638475659554 0.01650414420511534 0.0
-6.0 -0.577641179513852 0.014711000030338131 0.0
-5.0 -0.42293647497787884 0.013069340599269414 0.0
-4.0 -0.2964387807482168 0.012021934784160108 0.0
-3.0 -0.21994295964975463 0.011590495253640004 0.0
-2.0 -0.14301231101036924 0.011348265132157807 0.0
-1.0 -0.07049868342788666 0.011272759932079992 0.0
0.0 -2.9864346737403987e-14 0.011260662885975523 0.0
1.0 0.07050054411814388 0.01127269443841755 0.0
2.0 0.14302029224784135 0.011348129012903723 0.0
3.0 0.21996220522005022 0.011590246135083087 0.0
4.0 0.29650069763189013 0.012021534227513762 0.0
5.0 0.4230612634894342 0.013068419298857275 0.0
6.0 0.5778517918022514 0.014709267192564627 0.0
7.0 0.7055127069742352 0.01650061531310486 0.0
8.0 0.8302865817576482 0.01824570022010635 0.0
9.0 0.9521599958428245 0.019995096722004207 0.0
10.0 1.0700150600991627 0.021906879213288034 0.0
11.0 1.0591071444511744 0.023863917130193712 0.0
12.0 1.0636524015779287 0.026769981853787067 0.0
13.000000000000002 1.0768293747045234 0.0307555738602329 0.0
14.0 1.0913100365900517 0.03586434211330436 0.0
15.0 1.1040499582412213 0.042122545457691264 0.0
16.0 1.1136474846840412 0.049571957927642865 0.0
17.000000000000004 1.120403548648967 0.05811090789175651 0.0
18.0 1.1292995132105388 0.0669744080018056 0.0
19.000000000000004 1.1236386501163829 0.07851744347704491 0.0
20.0 1.116762184694138 0.09061949250891302 0.0
23.2 1.0167086569168164 0.14587237874939446 0.0
26.4 0.9762139263234477 0.20209494284267565 0.0
29.599999999999994 0.9463056593658393 0.2633431991674851 0.0
32.800000000000004 0.9216728871973674 0.32886822046827335 0.0
36.0 0.8988161328167688 0.3978692708986819 0.0
39.199999999999996 0.8753479371137459 0.4695037366937441 0.0
42.400000000000006 0.8496113222772039 0.5428975743000888 0.0
45.6 0.8204594108671134 0.6171561459064359 0.0
48.8 0.7871216544527888 0.6913753075016024 0.0
51.99999999999999 0.7491188242757354 0.7646526114526734 0.0
55.2 0.7062064763056735 0.8360984841809636 0.0
58.4 0.658335511255185 0.9048472398355066 0.0
61.599999999999994 0.6056232009055842 0.9700677929189885 0.0
64.8 0.5483306983443873 1.0309739365836637 0.0
68.0 0.4868445815616704 1.086834058737911 0.0
71.2 0.4216608978774652 1.1369801751200914 0.0
74.4 0.35337074458748374 1.1808161670177402 0.0
77.6 0.28264678310021346 1.217825121230729 0.0
80.8 0.2102303210266818 1.2475756810730467 0.0
84.0 0.136918756480693 1.26972732953984 0.0
87.19999999999999 0.06355328956524399 1.2840345390805188 0.0
90.4 -0.006312668426914901 1.2895245194228595 0.0
93.60000000000001 -0.05729668047540829 1.2812029180218942 0.0
96.8 -0.10869963638923064 1.2649168981332557 0.0
100.0 -0.15991524008457142 1.24083873315302 0.0
103.2 -0.21036151978782225 1.2092380229835675 0.0
106.4 -0.25948929947327265 1.1704784288546015 0.0
109.60000000000001 -0.3067908446656734 1.1250132348158124 0.0
112.79999999999998 -0.3518087060063116 1.0733797909296285 0.0
116.00000000000001 -0.39414484401655664 1.0161929071349793 0.0
119.19999999999999 -0.4334702032100534 0.9541372798367469 0.0
122.39999999999999 -0.469535026852121 0.8879590453374363 0.0
125.60000000000001 -0.5021803877150228 0.8184565651173117 0.0
128.8 -0.531351692946561 0.7464705575509023 0.0
132.0 -0.5571153681489378 0.672873698802114 0.0
135.2 -0.5796806538909666 0.5985598222653867 0.0
138.4 -0.5994296730522447 0.5244328509338767 0.0
141.6 -0.6169610634882927 0.4513956004149866 0.0
144.79999999999998 -0.633156345322335 0.3803385919370321 0.0
148.0 -0.6492855442237822 0.3121290145782098 0.0
151.20000000000002 -0.667183284819024 0.24759997410160717 0.0
154.4 -0.6895577778562297 0.18754016222083209 0.0
157.6 -0.7205664464295374 0.13268407489420386 0.0
160.79999999999998 -0.76697022465167 0.08370290141648157 0.0
164.0 -0.7026752526643352 0.041196197730842564 0.0
167.2 -0.5621402021314679 0.005684447624296762 0.0
170.4 -0.42160515159860057 0.0001 0.0
173.6 -0.2810701010657345 0.0001 0.0
176.8 -0.14053505053286725 0.0001 0.0
180.0 0.0 0.0001 0.0

Reynolds Number: 1.0e6
BV Dyn. Stall Model - Positive Stall AOA (deg): 17
BV Dyn. Stall Model - Negative Stall AOA (deg): -17
LB Dyn. Stall Model - Lift Coeff. Slope at Zero Lift AOA (per radian): 0.0
LB Dyn. Stall Model - Positive Critical Lift Coeff.: 0.0
LB Dyn. Stall Model - Negative Critical Lift Coeff.: 0.0
AOA (deg) CL CD Cm25
-180.0 0.0 0.0001 0.0
-176.8 0.16960337566199155 0.0001 0.0
-173.6 0.3392067513239831 0.0001 0.0
-170.4 0.5088101269859733 0.0001 0.0
-167.2 0.6784135026479649 0.0001 0.0
-164.0 0.8480168783099565 0.0305422771526824 0.0
-160.79999999999998 0.842726667170191 0.07323612542102267 0.0
-157.6 0.7832279871845643 0.12243708382550883 0.0
-154.4 0.7421390423661269 0.1775449110299034 0.0
-151.20000000000002 0.7117116127946318 0.2378876326957788 0.0
-148.0 0.6871978709067889 0.30272987061867535 0.0
-144.79999999999998 0.6655156369178453 0.3712819563876324 0.0
-141.6 0.6445825268404568 0.4427097161368004 0.0
-138.4 0.6229583803422869 0.5161448046106594 0.0
-135.2 0.5996414035171013 0.5906954599345156 0.0
-132.0 0.5739458872436087 0.6654575452544532 0.0
-128.8 0.5454254292644652 0.7395257398509387 0.0
-125.60000000000001 0.5138225670352695 0.8120047404820603 0.0
-122.39999999999999 0.47903422354093494 0.8820203335990225 0.0
-119.19999999999999 0.44108684475452187 0.9487302006992819 0.0
-116.00000000000001 0.4001175744578811 1.011334322421387 0.0
-112.79999999999998 0.3563592264850624 1.0690848519985294 0.0
-109.60000000000001 0.3101276544169624 1.1212953353124417 0.0
-106.4 0.2618106338892412 1.167349162943106 0.0
-103.2 0.21185769813723224 1.206707149190934 0.0
-100.0 0.16077057889784288 1.238914143937385 0.0
-96.8 0.10909404603871717 1.2636045952714996 0.0
-93.60000000000001 0.05740703627431913 1.280506993893269 0.0
-90.4 0.006314029957571348 1.2894471442470212 0.0
-87.19999999999999 -0.06364863391896455 1.283493124011279 0.0
-84.0 -0.13735719219204498 1.268568812613059 0.0
-80.8 -0.2112637217545549 1.2458036750909005 0.0
-77.6 -0.28453090620014465 1.2154451521436118 0.0
-74.4 -0.35636712651512414 1.1778356566917447 0.0
-71.2 -0.4260390434193841 1.1334084181921302 0.0
-68.0 -0.4928845700704778 1.0826821936306548 0.0
-64.8 -0.5563263641218658 1.026254910770686 0.0
-61.599999999999994 -0.6158860948284525 0.9647963225484371 0.0
-58.4 -0.6711999240920146 0.8990397638382119 0.0
-55.2 -0.7220359127761711 0.8297731130061003 0.0
-51.99999999999999 -0.7683144799878947 0.7578290705908378 0.0
-48.8 -0.8101336973395913 0.6840748759714295 0.0
-45.6 -0.8478022590128621 0.6094015898965832 0.0
-42.400000000000006 -0.8818847365442345 0.5347130761735233 0.0
-39.199999999999996 -0.913266783196728 0.4609148195757286 0.0
-36.0 -0.9432534409116615 0.38890271908363316 0.0
-32.800000000000004 -0.9737239957056745 0.3195519958936997 0.0
-29.599999999999994 -1.007387119131721 0.2537063542154774 0.0
-26.4 -1.0482224439434014 0.19216752974087753 0.0
-23.2 -1.10228976032118 0.13568535585398314 0.0
-20.0 -1.2337647702277392 0.07928787027302259 0.0
-19.000000000000004 -1.2595098564563572 0.0654241742019178 0.0
-18.0 -1.283571700761641 0.052734811025330806 0.0
-17.000000000000004 -1.2871684760061843 0.04315197053720732 0.0
-16.0 -1.2775526299563011 0.035638197513284404 0.0
-15.0 -1.2646857442797126 0.02941227612255447 0.0
-14.0 -1.2468036656201282 0.024727847524245575 0.0
-13.000000000000002 -1.2287625034370149 0.02125623074032547 0.0
-12.0 -1.156612901681489 0.01871638951345146 0.0
-11.0 -1.05147100367934 0.016394530612429545 0.0
-10.0 -0.9391164269883453 0.014430193674299667 0.0
-9.0 -0.8334793216581399 0.01273297790964076 0.0
-8.0 -0.7247699125641207 0.011141411674517696 0.0
-7.0 -0.5799841683314825 0.009875351453868567 0.0
-6.0 -0.4214646635272667 0.009037966352127079 0.0
-5.0 -0.32947041930186854 0.008568352826210181 0.0
-4.0 -0.2593213134008292 0.00833432881034371 0.0
-3.0 -0.1919875555174114 0.008118560264725752 0.0
-2.0 -0.12428911233342667 0.00799079898587396 0.0
-1.0 -0.058599365897349695 0.007973241212650622 0.0
0.0 -5.777012949371647e-14 0.007956077543927268 0.0
1.0 0.058606801798880455 0.007973173112333217 0.0
2.0 0.12430660581053199 0.007990643551935277 0.0
3.0 0.19203386711891293 0.008118272840074088 0.0
4.0 0.259396089293612 0.008334021951461964 0.0
5.0 0.3296310388037815 0.008567924588603872 0.0
6.0 0.4217533775466083 0.009037544156884557 0.0
7.0 0.5802890530628038 0.009873908306189599 0.0
8.0 0.7251728410696491 0.011138296022133181 0.0
9.0 0.8340468413074266 0.01272879248430952 0.0
10.0 0.9399570542051998 0.014422317405988507 0.0
11.0 1.0524468350817633 0.016381546901740242 0.0
12.0 1.1581809066351472 0.018687368572668447 0.0
13.000000000000002 1.2294585295005007 0.02121383705477492 0.0
14.0 1.2479158946538242 0.02466744428571859 0.0
15.0 1.2663357004787648 0.029320153919335172 0.0
16.0 1.2793472939067738 0.035543405309139284 0.0
17.000000000000004 1.2896531975184076 0.04299889961020273 0.0
18.0 1.286608985763873 0.05253753819743013 0.0
19.000000000000004 1.2633283079953417 0.06516840873848108 0.0
20.0 1.2378162437786087 0.07903902658143427 0.0
23.2 1.1039932800658452 0.13553823444990648 0.0
26.4 1.0496557969462257 0.19202415763212888 0.0
29.599999999999994 1.0086029654880424 0.25356717850391136 0.0
32.800000000000004 0.9747600899782225 0.3194174505948252 0.0
36.0 0.9441379800064865 0.3887732237731485 0.0
39.199999999999996 0.9140215701815613 0.4607907780810864 0.0
42.400000000000006 0.8825271493695503 0.5345948753146065 0.0
45.6 0.8483465273132085 0.6092895982794175 0.0
48.8 0.8105917595503287 0.6839694428386967 0.0
51.99999999999999 0.7686965757685831 0.7577305247327717 0.0
55.2 0.7223510028661762 0.8296817617351642 0.0
58.4 0.6714559944206188 0.8989558920307531 0.0
61.599999999999994 0.6160903810755274 0.964720191756308 0.0
64.8 0.5564855204540683 1.0261867584056028 0.0
68.0 0.49300479800950875 1.0826222322238348 0.0
71.2 0.42612619183274864 1.1333568347315197 0.0
74.4 0.3564267704735828 1.1777926120389028 0.0
77.6 0.2845684102842758 1.2154107805320673 0.0
80.8 0.21128429193271406 1.2457780837075492 0.0
84.0 0.13736591939771708 1.2685520812639037 0.0
87.19999999999999 0.06365053177938752 1.283485304872558 0.0
90.4 -0.006314057059282638 1.289446026791546 0.0
93.60000000000001 -0.057409232942449186 1.2804969433283506 0.0
96.8 -0.1091018968912846 1.2635856429395398 0.0
100.0 -0.16078760469558123 1.2388863489406934 0.0
103.2 -0.21188748005471603 1.2066705982074195 0.0
106.4 -0.26185684080705673 1.1673039699559737 0.0
109.60000000000001 -0.31019407470215843 1.1212416412547404 0.0
112.79999999999998 -0.3564498060777025 1.0690228243136548 0.0
116.00000000000001 -0.4002364636031669 1.0112641545409151 0.0
119.19999999999999 -0.4412384564858843 0.9486521114397578 0.0
122.39999999999999 -0.4792233081457617 0.8819345664795871 0.0
125.60000000000001 -0.5140543084075356 0.8119115629650427 0.0
128.8 -0.5457055715709448 0.7394254425077832 0.0
132.0 -0.5742809042093899 0.6653504408595793 0.0
135.2 -0.6000387287414066 0.5905818824899408 0.0
138.4 -0.6234267269262945 0.5160251083044232 0.0
141.6 -0.6451323410672567 0.4425842742384387 0.0
144.79999999999998 -0.6661597591593623 0.3711511600841473 0.0
148.0 -0.6879525281208416 0.30259412779462924 0.0
151.20000000000002 -0.7125979636698356 0.23774736666131832 0.0
154.4 -0.7431856895666057 0.17740055920067854 0.0
157.6 -0.7844752855677479 0.12228909635860458 0.0
160.79999999999998 -0.8442346238391545 0.0730849638111571 0.0
164.0 -0.8496538713062448 0.03038841279304831 0.0
167.2 -0.6797230970449955 0.0001 0.0
170.4 -0.5097923227837462 0.0001 0.0
173.6 -0.3398615485224984 0.0001 0.0
176.8 -0.1699307742612492 0.0001 0.0
180.0 0.0 0.0001 0.0

Reynolds Number: 1.0e7
BV Dyn. Stall Model - Positive Stall AOA (deg): 20
BV Dyn. Stall Model - Negative Stall AOA (deg): -20
LB Dyn. Stall Model - Lift Coeff. Slope at Zero Lift AOA (per radian): 0.0
LB Dyn. Stall Model - Positive Critical Lift Coeff.: 0.0
LB Dyn. Stall Model - Negative Critical Lift Coeff.: 0.0
AOA (deg) CL CD Cm25
-180.0 0.0 0.0001 0.0
-176.8 0.1768901146159631 0.0001 0.0
-173.6 0.3537802292319262 0.0001 0.0
-170.4 0.5306703438478879 0.0001 0.0
-167.2 0.7075604584638511 0.0001 0.0
-164.0 0.8844505730798141 0.0001 0.0
-160.79999999999998 1.0613406876957772 0.025652618831179808 0.0
-157.6 1.0265335290781694 0.07585275191137836 0.0
-154.4 0.9463043549467175 0.13210502570924332 0.0
-151.20000000000002 0.8846085578294897 0.1937338969621064 0.0
-148.0 0.8344058564894978 0.2599999766445012 0.0
-144.79999999999998 0.791162004403745 0.3301091561353259 0.0
-141.6 0.7518326044449323 0.4032224058161246 0.0
-138.4 0.7143168884204731 0.4784661242788328 0.0
-135.2 0.6771460570234016 0.5549429094874362 0.0
-132.0 0.6392963162202702 0.6317426180066064 0.0
-128.8 0.6000716763888742 0.7079535748466581 0.0
-125.60000000000001 0.55902743614963 0.7826737946223997 0.0
-122.39999999999999 0.5159182064446013 0.8550220746067038 0.0
-119.19999999999999 0.4706611430570666 0.9241488218791948 0.0
-116.00000000000001 0.42330880785400987 0.9892464801061567 0.0
-112.79999999999998 0.3740282278795358 1.0495594264979173 0.0
-109.60000000000001 0.32308399565834955 1.1043932161120529 0.0
-106.4 0.2708240338342175 1.153123058822256 0.0
-103.2 0.21766713850027458 1.195201423851815 0.0
-100.0 0.16409173364376975 1.230164677658119 0.0
-96.8 0.11062548066895628 1.2576386730145088 0.0
-93.60000000000001 0.05783553160225999 1.2773432202178947 0.0
-90.4 0.006319316580756488 1.289095385291733 0.0
-87.19999999999999 -0.06401884201421658 1.2810317712961563 0.0
-84.0 -0.13905957354192336 1.2633020238861536 0.0
-80.8 -0.21527626471246555 1.2377478746834707 0.0
-77.6 -0.29184667894207555 1.2046254618407333 0.0
-74.4 -0.36800163661239255 1.164285817390738 0.0
-71.2 -0.4430387382996954 1.1171706846825282 0.0
-68.0 -0.5163369566453904 1.063807202823841 0.0
-64.8 -0.5873723577464876 1.0048015237901218 0.0
-61.599999999999994 -0.6557354017113148 0.9408314411729182 0.0
-58.4 -0.7211505460954608 0.8726381218705692 0.0
-55.2 -0.7834992852358698 0.8010170432179545 0.0
-51.99999999999999 -0.8428483864123919 0.7268082479701872 0.0
-48.8 -0.8994860735689161 0.650886038073743 0.0
-45.6 -0.9539705147699988 0.5741482351714781 0.0
-42.400000000000006 -1.0071976550007875 0.4975051412077848 0.0
-39.199999999999996 -1.0605000826501898 0.42186833625918296 0.0
-36.0 -1.1157969691435872 0.3481394527669901 0.0
-32.800000000000004 -1.1758307905463439 0.2771990656667599 0.0
-29.599999999999994 -1.2445574390587497 0.20989583648985666 0.0
-26.4 -1.3278209215641819 0.14703604637346335 0.0
-23.2 -1.4345885912908105 0.08937364809554912 0.0
-20.0 -1.5793760233568113 0.037600960810841424 0.0
-19.000000000000004 -1.5596338333089035 0.030767359430890182 0.0
-18.0 -1.52660699876463 0.02572067532361112 0.0
-17.000000000000004 -1.4706214753220677 0.021550187592367927 0.0
-16.0 -1.3874496472798492 0.018278277226279147 0.0
-15.0 -1.3056362004050164 0.015604275121678763 0.0
-14.0 -1.260025230911456 0.013490551769866119 0.0
-13.000000000000002 -1.184812749333688 0.01179403186179657 0.0
-12.0 -1.0957545708522385 0.010403544671217459 0.0
-11.0 -1.0112705222631295 0.009536182366481558 0.0
-10.0 -0.9229705541684871 0.008841012496208575 0.0
-9.0 -0.8294684711798753 0.008247801045447478 0.0
-8.0 -0.7252295977295171 0.007784735698502555 0.0
-7.0 -0.5853618391026192 0.007205640603713019 0.0
-6.0 -0.48177678063648594 0.0068451075009267484 0.0
-5.0 -0.394362076659049 0.0065301668181134784 0.0
-4.0 -0.31263747463466773 0.00631306714907485 0.0
-3.0 -0.2295760093973047 0.006102609981743342 0.0
-2.0 -0.15142134073120203 0.0060187342097744135 0.0
-1.0 -0.08274959144315923 0.005950086381865255 0.0
0.0 2.949609906865095e-13 0.005966867030943801 0.0
1.0 0.0827520343017467 0.005950049384489195 0.0
2.0 0.15143878598782987 0.006018675232602508 0.0
3.0 0.22960194257889224 0.006102462062986307 0.0
4.0 0.31268854111751826 0.006312806295292473 0.0
5.0 0.39448063030827446 0.006529933049186418 0.0
6.0 0.48199085491441923 0.006844812451191645 0.0
7.0 0.585880725615044 0.007205962289254744 0.0
8.0 0.7258456278304941 0.007784489083586792 0.0
9.0 0.8300810301952212 0.008247234731361129 0.0
10.0 0.9238026510312675 0.008839579359941957 0.0
11.0 1.01237684782652 0.009531694696333512 0.0
12.0 1.0970752506030372 0.010394887777798838 0.0
13.000000000000002 1.1864448071399938 0.011780312681833445 0.0
14.0 1.2617212808995317 0.013471751937398012 0.0
15.0 1.3085035727399175 0.01556806335070426 0.0
16.0 1.3904966683497408 0.018229099362389513 0.0
17.000000000000004 1.4740236387442083 0.021467319899617508 0.0
18.0 1.530013218054762 0.025638646844867406 0.0
19.000000000000004 1.5642536275584467 0.030648622946876886 0.0
20.0 1.5857927780133727 0.037339186498621696 0.0
23.2 1.4399185301736586 0.08911760051578932 0.0
26.4 1.3323055680888405 0.1467865240032784 0.0
29.599999999999994 1.2483615550899376 0.20965361745768057 0.0
32.800000000000004 1.1790725018131747 0.2769649053257742 0.0
36.0 1.1185644975679985 0.34791408133957646 0.0
39.199999999999996 1.062861645239252 0.4216524565597453 0.0
42.400000000000006 1.009207623542223 0.49729942645104264 0.0
45.6 0.9556734106629303 0.5739533268730654 0.0
48.8 0.9009192495537666 0.6507025440496602 0.0
51.99999999999999 0.84404388013346 0.7266367404413435 0.0
55.2 0.7844851328772473 0.8008580570257142 0.0
58.4 0.721951733874731 0.8724921528088632 0.0
61.599999999999994 0.6563745684805441 0.9406989444421252 0.0
64.8 0.5878703229306974 1.0046829125775387 0.0
68.0 0.5167131234430178 1.06370284701517 0.0
71.2 0.44331140653170437 1.1170809097083985 0.0
74.4 0.368188249449908 1.1642109032118602 0.0
77.6 0.2919640209787042 1.2045656420748492 0.0
80.8 0.21534062427902814 1.2377033358768235 0.0
84.0 0.13908687905041306 1.2632729049317486 0.0
87.19999999999999 0.06402478000236982 1.281018163000627 0.0
90.4 -0.0063194013760547165 1.2890934404913033 0.0
93.60000000000001 -0.05784240449405694 1.2773257283863104 0.0
96.8 -0.11065004426118569 1.257605688699551 0.0
100.0 -0.16414500362297677 1.2301163037204381 0.0
103.2 -0.21776031957463532 1.1951378111441637 0.0
106.4 -0.2709686051247429 1.153044405719059 0.0
109.60000000000001 -0.32329181013293085 1.1042997678907813 0.0
112.79999999999998 -0.37431163151739616 1.0494514745741987 0.0
116.00000000000001 -0.4236807858602476 0.9891243611250033 0.0
119.19999999999999 -0.47113550284339417 0.9240129166651856 0.0
122.39999999999999 -0.5165098106162407 0.8548728069763938 0.0
125.60000000000001 -0.5597525039715169 0.7825116300626602 0.0
128.8 -0.6009481800963962 0.707779019063069 0.0
132.0 -0.6403445106764383 0.6315562153464278 0.0
135.2 -0.6783892003264325 0.5547452412420767 0.0
138.4 -0.7157822419489946 0.4782578068711088 0.0
141.6 -0.7535528523228574 0.40300408887796346 0.0
144.79999999999998 -0.7931773213327803 0.329881520481907 0.0
148.0 -0.8367670130543089 0.259763732151153 0.0
151.20000000000002 -0.8873817549165152 0.19348978035058062 0.0
154.4 -0.9495790840057299 0.13185379825026888 0.0
157.6 -1.030436051588908 0.07559519705066027 0.0
160.79999999999998 -1.0656527468249866 0.025389539746245943 0.0
164.0 -0.8880439556874885 0.0001 0.0
167.2 -0.7104351645499906 0.0001 0.0
170.4 -0.5328263734124926 0.0001 0.0
173.6 -0.355217582274996 0.0001 0.0
176.8 -0.177608791137498 0.0001 0.0
180.0 0.0 0.0001 0.0
